-0.9948599338531494,-0.9999996423721313,0
-0.9949520230293274,-0.9999996423721313,0
-0.9953802824020386,-0.9999996423721313,0
-0.9940009117126465,-0.9999995231628418,0
-0.9939697980880737,-0.9999994039535522,0
-0.9940201044082642,-0.999999463558197,0
-0.9929684400558472,-0.9999991655349731,0
-0.9925829768180847,-0.9999992251396179,0
-0.9950176477432251,-0.9999996423721313,0
-0.995154619216919,-0.9999996423721313,0
-0.994560718536377,-0.9999995231628418,0
-0.9948746562004089,-0.9999996423721313,0
-0.9936851859092712,-0.9999994039535522,0
-0.9948674440383911,-0.9999996423721313,0
-0.9948157668113708,-0.9999996423721313,0
-0.9948481321334839,-0.9999996423721313,0
-0.9940223693847656,-0.999999463558197,0
-0.993581235408783,-0.9999994039535522,0
-0.994774341583252,-0.9999996423721313,0
-0.9956486821174622,-0.9999997615814209,0
-0.9940122365951538,-0.9999995231628418,0
-0.9950537085533142,-0.9999996423721313,0
-0.9939215779304504,-0.999999463558197,0
-0.9935862421989441,-0.999999463558197,0
-0.9955005049705505,-0.9999997019767761,0
-0.9945799112319946,-0.9999995827674866,0
-0.9947033524513245,-0.9999995827674866,0
-0.9955951571464539,-0.9999997019767761,0
-0.9946614503860474,-0.9999996423721313,0
-0.9943234920501709,-0.9999995827674866,0
-0.9938676953315735,-0.999999463558197,0
-0.9932597875595093,-0.9999994039535522,0
-0.9954848289489746,-0.9999997019767761,0
-0.9941783547401428,-0.9999995231628418,0
-0.9935564398765564,-0.9999994039535522,0
-0.9936918616294861,-0.999999463558197,0
-0.995618999004364,-0.9999997019767761,0
-0.9957029819488525,-0.9999997615814209,0
-0.9943472743034363,-0.9999993443489075,0
-0.9953942894935608,-0.9999997019767761,0
-0.9938017725944519,-0.9999993443489075,0
-0.9934616088867188,-0.9999994039535522,0
-0.9908336400985718,-0.9999987483024597,0
-0.9925796389579773,-0.9999992251396179,0
-0.9951604604721069,-0.9999996423721313,0
-0.9949986338615417,-0.9999996423721313,0
-0.9946987628936768,-0.9999995827674866,0
-0.9947783350944519,-0.9999996423721313,0
-0.9953449368476868,-0.9999997019767761,0
-0.9953742623329163,-0.9999997019767761,0
-0.9947232604026794,-0.9999995231628418,0
-0.9878883957862854,-0.9999976754188538,0
-0.995304524898529,-0.9999997019767761,0
-0.9952923059463501,-0.9999996423721313,0
-0.9953758716583252,-0.9999997019767761,0
-0.9940628409385681,-0.999999463558197,0
-0.9934483766555786,-0.9999992847442627,0
-0.9889642000198364,-0.9999978542327881,0
-0.9954412579536438,-0.9999997019767761,0
-0.9948185086250305,-0.9999995827674866,0
-0.9954380989074707,-0.9999997019767761,0
-0.9955412149429321,-0.9999997019767761,0
-0.9892874360084534,-0.9999980330467224,0
-0.9944362044334412,-0.9999995231628418,0
-0.9951092600822449,-0.9999997019767761,0
-0.995360791683197,-0.9999997019767761,0
-0.9946656823158264,-0.9999995231628418,0
-0.9953813552856445,-0.9999996423721313,0
-0.9952404499053955,-0.9999996423721313,0
-0.9956830739974976,-0.9999997615814209,0
-0.9950809478759766,-0.9999996423721313,0
-0.9942864179611206,-0.9999995231628418,0
-0.995033323764801,-0.9999996423721313,0
-0.9944696426391602,-0.9999995231628418,0
-0.9947665929794312,-0.9999995231628418,0
-0.9947991371154785,-0.9999996423721313,0
-0.994792103767395,-0.9999995827674866,0
-0.9956666231155396,-0.9999997019767761,0
-0.9936659932136536,-0.9999994039535522,0
-0.9944432377815247,-0.9999995827674866,0
-0.9955328702926636,-0.9999997019767761,0
-0.9933333396911621,-0.9999993443489075,0
-0.992354691028595,-0.9999992251396179,0
-0.9954264163970947,-0.9999996423721313,0
-0.992569625377655,-0.9999992847442627,0
-0.9954842925071716,-0.9999997019767761,0
-0.9936309456825256,-0.999999463558197,0
-0.99225252866745,-0.9999991655349731,0
-0.9947167038917542,-0.9999996423721313,0
-0.9937462210655212,-0.999999463558197,0
-0.9948557019233704,-0.9999995231628418,0
-0.9951795339584351,-0.9999996423721313,0
-0.995488166809082,-0.9999997019767761,0
-0.994714617729187,-0.9999996423721313,0
-0.9955684542655945,-0.9999997019767761,0
-0.995553195476532,-0.9999997019767761,0
-0.9952973127365112,-0.9999997019767761,0
-0.9931177496910095,-0.9999993443489075,0
-0.9954774975776672,-0.9999997019767761,0
-0.988552451133728,-0.9999976754188538,0
-0.9956060647964478,-0.9999997019767761,0
-0.9955025911331177,-0.9999997019767761,0
-0.9943702220916748,-0.9999995231628418,0
-0.9956805109977722,-0.9999997019767761,0
-0.9925597906112671,-0.9999988079071045,0
-0.9948397278785706,-0.9999996423721313,0
-0.9951977729797363,-0.9999996423721313,0
-0.9957475066184998,-0.9999997615814209,0
-0.9941791296005249,-0.9999994039535522,0
-0.9946331977844238,-0.9999995827674866,0
-0.9948527216911316,-0.9999995827674866,0
-0.9911339282989502,-0.9999985694885254,0
-0.9951092004776001,-0.9999996423721313,0
-0.9957438707351685,-0.9999997615814209,0
-0.9936835765838623,-0.9999993443489075,0
-0.9956729412078857,-0.9999997615814209,0
-0.9953095316886902,-0.9999997019767761,0
-0.9945104718208313,-0.999999463558197,0
-0.9952669143676758,-0.9999997019767761,0
-0.9949111938476562,-0.9999996423721313,0
-0.9952143430709839,-0.9999997019767761,0
-0.9935669302940369,-0.9999994039535522,0
-0.992760419845581,-0.9999991655349731,0
-0.9899796843528748,-0.9999983906745911,0
-0.9949967265129089,-0.9999996423721313,0
-0.9946928024291992,-0.9999995827674866,0
-0.9950365424156189,-0.9999996423721313,0
-0.9875000715255737,-0.9999969601631165,0
-0.9946805238723755,-0.9999995231628418,0
-0.994860827922821,-0.9999996423721313,0
-0.9954819679260254,-0.9999997019767761,0
-0.9936579465866089,-0.999999463558197,0
-0.994213879108429,-0.999999463558197,0
-0.9933004379272461,-0.9999993443489075,0
-0.9943944811820984,-0.9999995827674866,0
-0.9953221082687378,-0.9999997019767761,0
-0.9952884912490845,-0.9999997019767761,0
-0.995682954788208,-0.9999997019767761,0
-0.9942423105239868,-0.9999995231628418,0
-0.9927807450294495,-0.9999992251396179,0
-0.993539571762085,-0.9999994039535522,0
-0.9956761598587036,-0.9999997615814209,0
-0.9946452975273132,-0.9999995827674866,0
-0.9940402507781982,-0.9999993443489075,0
-0.9955906867980957,-0.9999997615814209,0
-0.9951281547546387,-0.9999997019767761,0
-0.9941455125808716,-0.9999995231628418,0
-0.9957089424133301,-0.9999997615814209,0
-0.9950537085533142,-0.9999996423721313,0
-0.9944528341293335,-0.9999995231628418,0
-0.9909676313400269,-0.9999988079071045,0
-0.9950188398361206,-0.9999996423721313,0
-0.9949774146080017,-0.9999996423721313,0
-0.9943393468856812,-0.9999995827674866,0
-0.9942360520362854,-0.9999995231628418,0
-0.995572566986084,-0.9999997019767761,0
-0.9940057992935181,-0.999999463558197,0
-0.994830310344696,-0.9999995231628418,0
-0.9950605034828186,-0.9999996423721313,0
-0.9947596192359924,-0.9999996423721313,0
-0.9956061244010925,-0.9999997019767761,0
-0.9907182455062866,-0.9999986290931702,0
-0.9950229525566101,-0.9999995827674866,0
-0.9935846924781799,-0.9999992847442627,0
-0.9950827956199646,-0.9999996423721313,0
-0.9946612119674683,-0.9999995827674866,0
-0.9956350922584534,-0.9999997019767761,0
-0.9938849210739136,-0.999999463558197,0
-0.9953858256340027,-0.9999997019767761,0
-0.9924800992012024,-0.9999991655349731,0
-0.9957144260406494,-0.9999997615814209,0
-0.9937120676040649,-0.9999993443489075,0
-0.9948317408561707,-0.9999996423721313,0
-0.9952219724655151,-0.9999997019767761,0
-0.994193434715271,-0.9999995231628418,0
-0.9945367574691772,-0.9999995827674866,0
-0.9947491884231567,-0.9999995231628418,0
-0.9907392859458923,-0.9999986290931702,0
-0.9951754212379456,-0.9999997019767761,0
-0.9935346841812134,-0.9999993443489075,0
-0.9947168231010437,-0.9999996423721313,0
-0.9951476454734802,-0.9999996423721313,0
-0.9947956204414368,-0.9999996423721313,0
-0.9942302107810974,-0.9999995231628418,0
-0.9944570660591125,-0.9999995231628418,0
-0.9953712821006775,-0.9999997019767761,0
-0.990886926651001,-0.9999988675117493,0
-0.9942265152931213,-0.999999463558197,0
-0.9921556711196899,-0.9999991655349731,0
-0.9948418140411377,-0.9999996423721313,0
-0.9951855540275574,-0.9999996423721313,0
-0.9945012927055359,-0.9999995827674866,0
-0.9947361350059509,-0.9999995827674866,0
-0.9917048811912537,-0.9999989867210388,0
-0.9950893521308899,-0.9999996423721313,0
-0.990809977054596,-0.9999983906745911,0
-0.993873655796051,-0.999999463558197,0
-0.9925464391708374,-0.9999991655349731,0
-0.9936977028846741,-0.9999992847442627,0
-0.9948471188545227,-0.9999996423721313,0
-0.9953070878982544,-0.9999997019767761,0
-0.9948105812072754,-0.9999996423721313,0
-0.9939422607421875,-0.9999993443489075,0
-0.9919077157974243,-0.9999990463256836,0
-0.9953346252441406,-0.9999997019767761,0
-0.9954965710639954,-0.9999997019767761,0
-0.9956507086753845,-0.9999997615814209,0
-0.9952142238616943,-0.9999995827674866,0
-0.9956449866294861,-0.9999997615814209,0
-0.993911623954773,-0.9999995231628418,0
-0.9933999180793762,-0.9999994039535522,0
-0.9949761033058167,-0.9999996423721313,0
-0.9937973022460938,-0.999999463558197,0
-0.994756281375885,-0.9999995827674866,0
-0.9956126809120178,-0.9999997019767761,0
-0.9937018156051636,-0.9999994039535522,0
-0.9952970147132874,-0.9999997019767761,0
-0.994349479675293,-0.9999995827674866,0
-0.9952405691146851,-0.9999996423721313,0
-0.994876503944397,-0.9999996423721313,0
-0.9922122955322266,-0.9999990463256836,0
-0.9943689107894897,-0.9999995231628418,0
-0.9951790571212769,-0.9999996423721313,0
-0.9950162172317505,-0.9999996423721313,0
-0.9950096607208252,-0.9999996423721313,0
-0.9942498207092285,-0.9999995231628418,0
-0.9943187236785889,-0.9999995827674866,0
-0.9952517151832581,-0.9999997019767761,0
-0.9952368140220642,-0.9999997019767761,0
-0.9929361343383789,-0.9999991655349731,0
-0.9920361638069153,-0.9999991059303284,0
-0.9952115416526794,-0.9999997019767761,0
-0.9951156973838806,-0.9999996423721313,0
-0.9941430687904358,-0.9999995231628418,0
-0.9953022599220276,-0.9999997019767761,0
-0.9957295060157776,-0.9999997615814209,0
-0.9905612468719482,-0.9999985694885254,0
-0.9957433938980103,-0.9999997615814209,0
-0.994419515132904,-0.9999995827674866,0
-0.995532751083374,-0.9999997019767761,0
-0.9950617551803589,-0.9999996423721313,0
-0.9951145052909851,-0.9999996423721313,0
-0.9956268668174744,-0.9999997019767761,0
-0.9953752756118774,-0.9999997019767761,0
-0.9938574433326721,-0.999999463558197,0
-0.9944337010383606,-0.999999463558197,0
-0.9938695430755615,-0.999999463558197,0
-0.9947935342788696,-0.9999995827674866,0
-0.9921777248382568,-0.9999990463256836,0
-0.9939379096031189,-0.999999463558197,0
-0.9940915703773499,-0.9999995231628418,0
-0.9946693181991577,-0.9999996423721313,0
-0.9949588179588318,-0.9999995231628418,0
-0.9940852522850037,-0.9999995231628418,0
-0.9955483078956604,-0.9999997019767761,0
-0.9934601187705994,-0.9999993443489075,0
-0.9943305253982544,-0.9999995231628418,0
-0.9950510859489441,-0.9999996423721313,0
-0.993003249168396,-0.9999991059303284,0
-0.9952085018157959,-0.9999996423721313,0
-0.9954607486724854,-0.9999996423721313,0
-0.9928336143493652,-0.9999993443489075,0
-0.9941704273223877,-0.999999463558197,0
-0.9928958415985107,-0.9999992251396179,0
-0.9947367310523987,-0.9999996423721313,0
-0.9953333735466003,-0.9999996423721313,0
-0.9934608340263367,-0.9999993443489075,0
-0.9950333833694458,-0.9999996423721313,0
-0.9957408308982849,-0.9999997615814209,0
-0.9947464466094971,-0.9999996423721313,0
-0.9956430792808533,-0.9999997019767761,0
-0.9955914616584778,-0.9999997019767761,0
-0.9949511885643005,-0.9999996423721313,0
-0.9949246644973755,-0.9999996423721313,0
-0.9937747120857239,-0.999999463558197,0
-0.9957481622695923,-0.9999997615814209,0
-0.99070143699646,-0.9999988079071045,0
-0.9954290390014648,-0.9999997019767761,0
-0.9954500198364258,-0.9999997019767761,0
-0.995417594909668,-0.9999997019767761,0
-0.9949693083763123,-0.9999995231628418,0
-0.9945439100265503,-0.999999463558197,0
-0.9955840706825256,-0.9999997615814209,0
-0.9946242570877075,-0.9999995827674866,0
-0.9935778975486755,-0.9999994039535522,0
-0.9954212307929993,-0.9999997019767761,0
-0.991624116897583,-0.999998927116394,0
-0.993511974811554,-0.9999993443489075,0
-0.9956823587417603,-0.9999997615814209,0
-0.9954551458358765,-0.9999997019767761,0
-0.9936744570732117,-0.9999994039535522,0
-0.9950205683708191,-0.9999996423721313,0
-0.9946225881576538,-0.9999995827674866,0
-0.9915450215339661,-0.9999990463256836,0
-0.9949591755867004,-0.9999996423721313,0
-0.9950865507125854,-0.9999996423721313,0
-0.9948594570159912,-0.9999996423721313,0
-0.9956322312355042,-0.9999997019767761,0
-0.9955487847328186,-0.9999997019767761,0
-0.9928180575370789,-0.9999991655349731,0
-0.9950868487358093,-0.9999996423721313,0
-0.9954424500465393,-0.9999997019767761,0
-0.9945505261421204,-0.9999995231628418,0
-0.9954161643981934,-0.9999997019767761,0
-0.9942809343338013,-0.9999995231628418,0
-0.9927923083305359,-0.9999992251396179,0
-0.9951862096786499,-0.9999997019767761,0
-0.9952064156532288,-0.9999997019767761,0
-0.9954965710639954,-0.9999997019767761,0
-0.9922702312469482,-0.9999991655349731,0
-0.9940158724784851,-0.999999463558197,0
-0.9945408701896667,-0.9999995827674866,0
-0.9954711198806763,-0.9999997019767761,0
-0.9947364330291748,-0.9999996423721313,0
-0.9952354431152344,-0.9999995827674866,0
-0.995324969291687,-0.9999997019767761,0
-0.9951936602592468,-0.9999996423721313,0
-0.9953668713569641,-0.9999996423721313,0
-0.9919164180755615,-0.9999986886978149,0
-0.9956324100494385,-0.9999997019767761,0
-0.9957101345062256,-0.9999997019767761,0
-0.9954742789268494,-0.9999997019767761,0
-0.9938072562217712,-0.999999463558197,0
-0.994484543800354,-0.9999995827674866,0
-0.995478093624115,-0.9999997019767761,0
-0.9903897047042847,-0.9999985098838806,0
-0.9946154356002808,-0.9999995827674866,0
-0.9953776001930237,-0.9999997019767761,0
-0.9950731992721558,-0.9999996423721313,0
-0.9947802424430847,-0.9999995827674866,0
-0.9952365159988403,-0.9999996423721313,0
-0.9934312105178833,-0.9999994039535522,0
-0.9872767925262451,-0.9999969601631165,0
-0.9955483675003052,-0.9999997019767761,0
-0.9957315325737,-0.9999997615814209,0
-0.9946408271789551,-0.9999995827674866,0
-0.9950728416442871,-0.9999996423721313,0
-0.9955223798751831,-0.9999997019767761,0
-0.9938257932662964,-0.9999992847442627,0
-0.9955072402954102,-0.9999997019767761,0
-0.9946699738502502,-0.9999995827674866,0
-0.9945517182350159,-0.9999995827674866,0
-0.9951010346412659,-0.9999996423721313,0
-0.9954223036766052,-0.9999997019767761,0
-0.991014301776886,-0.9999987483024597,0
-0.9954881072044373,-0.9999996423721313,0
-0.9951062202453613,-0.9999996423721313,0
-0.9951855540275574,-0.9999996423721313,0
-0.9949326515197754,-0.9999995827674866,0
-0.9907793402671814,-0.9999980330467224,0
-0.9951533079147339,-0.9999996423721313,0
-0.9956277012825012,-0.9999997615814209,0
-0.9950438141822815,-0.9999996423721313,0
-0.9903290867805481,-0.9999985694885254,0
-0.9953115582466125,-0.9999997019767761,0
-0.9928966760635376,-0.9999991655349731,0
-0.9906403422355652,-0.9999985098838806,0
-0.9942676424980164,-0.9999995231628418,0
-0.9952470064163208,-0.9999996423721313,0
-0.9951446652412415,-0.9999996423721313,0
-0.9951104521751404,-0.9999997019767761,0
-0.9861108660697937,-0.9999960660934448,0
-0.9932851195335388,-0.9999992251396179,0
-0.9940264821052551,-0.999999463558197,0
-0.9940439462661743,-0.9999993443489075,0
-0.9950087666511536,-0.9999995827674866,0
-0.9874053597450256,-0.9999973177909851,0
-0.995143473148346,-0.9999996423721313,0
-0.9948513507843018,-0.9999996423721313,0
-0.9932808876037598,-0.9999992847442627,0
-0.9956227540969849,-0.9999997615814209,0
-0.9946403503417969,-0.9999995231628418,0
-0.9949679970741272,-0.9999996423721313,0
-0.9944328665733337,-0.999999463558197,0
-0.995302677154541,-0.9999997019767761,0
-0.9950948357582092,-0.9999996423721313,0
-0.9929620027542114,-0.9999992847442627,0
-0.9953668117523193,-0.9999996423721313,0
-0.9956160187721252,-0.9999997019767761,0
-0.9954018592834473,-0.9999997019767761,0
-0.994489312171936,-0.9999995827674866,0
-0.9933525323867798,-0.9999993443489075,0
-0.9956258535385132,-0.9999997615814209,0
-0.9952929019927979,-0.9999997019767761,0
-0.9957010746002197,-0.9999997615814209,0
-0.995128333568573,-0.9999996423721313,0
-0.9957351088523865,-0.9999997615814209,0
-0.995232105255127,-0.9999997019767761,0
-0.9956482648849487,-0.9999997019767761,0
-0.9943996071815491,-0.999999463558197,0
-0.9938051700592041,-0.999999463558197,0
-0.9948636889457703,-0.9999996423721313,0
-0.9933866262435913,-0.9999994039535522,0
-0.9927724599838257,-0.9999992251396179,0
-0.9948398470878601,-0.9999995827674866,0
-0.9951246976852417,-0.9999996423721313,0
-0.993381142616272,-0.9999993443489075,0
-0.9930805563926697,-0.9999992251396179,0
-0.9949946403503418,-0.9999996423721313,0
-0.9906919598579407,-0.9999986290931702,0
-0.9948300123214722,-0.9999996423721313,0
-0.9951700568199158,-0.9999996423721313,0
-0.9933486580848694,-0.9999994039535522,0
-0.9927001595497131,-0.9999992847442627,0
-0.9954065680503845,-0.9999997019767761,0
-0.9954878091812134,-0.9999997019767761,0
-0.9917691349983215,-0.9999989867210388,0
-0.9951527118682861,-0.9999996423721313,0
-0.9951648116111755,-0.9999996423721313,0
-0.9943931698799133,-0.9999995231628418,0
-0.9957589507102966,-0.9999997615814209,0
-0.9924089908599854,-0.9999991059303284,0
-0.9954511523246765,-0.9999997019767761,0
-0.9944815039634705,-0.9999995827674866,0
-0.995566189289093,-0.9999997019767761,0
-0.9940921664237976,-0.9999995231628418,0
-0.9924142360687256,-0.9999992847442627,0
-0.9939841032028198,-0.999999463558197,0
-0.9957213997840881,-0.9999997615814209,0
-0.9936465620994568,-0.9999992847442627,0
-0.9957483410835266,-0.9999997615814209,0
-0.9952511191368103,-0.9999997019767761,0
-0.9954326152801514,-0.9999997019767761,0
-0.9956532120704651,-0.9999997019767761,0
-0.9956811666488647,-0.9999997019767761,0
-0.9936519861221313,-0.999999463558197,0
-0.9951635003089905,-0.9999997019767761,0
-0.9953324198722839,-0.9999996423721313,0
-0.9953821301460266,-0.9999997019767761,0
-0.9937758445739746,-0.999999463558197,0
-0.9950867295265198,-0.9999996423721313,0
-0.9946126341819763,-0.9999995827674866,0
-0.9949353933334351,-0.9999996423721313,0
-0.9951089024543762,-0.9999996423721313,0
-0.9937644004821777,-0.9999994039535522,0
-0.9940230250358582,-0.9999995231628418,0
-0.9949902296066284,-0.9999995827674866,0
-0.994638204574585,-0.9999995827674866,0
-0.9954758286476135,-0.9999997019767761,0
-0.9951672554016113,-0.9999997019767761,0
-0.9942367672920227,-0.9999995231628418,0
-0.9946154952049255,-0.9999995231628418,0
-0.9922650456428528,-0.9999991059303284,0
-0.9951015710830688,-0.9999997019767761,0
-0.9914887547492981,-0.9999990463256836,0
-0.9951333403587341,-0.9999996423721313,0
-0.991374671459198,-0.999998927116394,0
-0.9943007826805115,-0.9999995231628418,0
-0.9949054718017578,-0.9999995827674866,0
-0.995454728603363,-0.9999997019767761,0
-0.9945285320281982,-0.9999995231628418,0
-0.9922105669975281,-0.9999992251396179,0
-0.9956240653991699,-0.9999997019767761,0
-0.994546115398407,-0.9999995827674866,0
-0.9953685402870178,-0.9999997019767761,0
-0.995246946811676,-0.9999996423721313,0
-0.9956024885177612,-0.9999997019767761,0
-0.9950712323188782,-0.9999996423721313,0
-0.992547869682312,-0.9999991655349731,0
-0.9954786896705627,-0.9999997019767761,0
-0.9955911636352539,-0.9999997019767761,0
-0.9956088662147522,-0.9999997019767761,0
-0.9928541779518127,-0.9999993443489075,0
-0.9951128959655762,-0.9999996423721313,0
-0.9939070343971252,-0.9999995231628418,0
-0.9941410422325134,-0.9999993443489075,0
-0.9933488368988037,-0.9999994039535522,0
-0.9938567876815796,-0.999999463558197,0
-0.9945219159126282,-0.9999995231628418,0
-0.9948886632919312,-0.9999996423721313,0
-0.9928496479988098,-0.9999992251396179,0
-0.9953858852386475,-0.9999997019767761,0
-0.9951692223548889,-0.9999996423721313,0
-0.9917422533035278,-0.999998927116394,0
-0.9939678311347961,-0.999999463558197,0
-0.9944559931755066,-0.9999995231628418,0
-0.995731770992279,-0.9999997615814209,0
-0.9953315854072571,-0.9999997019767761,0
-0.9952784776687622,-0.9999997019767761,0
-0.9954590201377869,-0.9999997019767761,0
-0.9944564700126648,-0.9999995827674866,0
-0.9925972819328308,-0.9999991655349731,0
-0.9950999617576599,-0.9999995827674866,0
-0.9933035373687744,-0.9999993443489075,0
-0.99571692943573,-0.9999997615814209,0
-0.9937325119972229,-0.999999463558197,0
-0.9956579208374023,-0.9999997019767761,0
-0.9951595067977905,-0.9999997019767761,0
-0.9957292675971985,-0.9999997615814209,0
-0.9941508173942566,-0.9999995231628418,0
-0.9948932528495789,-0.999999463558197,0
-0.9930281043052673,-0.9999993443489075,0
-0.9952722787857056,-0.9999997019767761,0
-0.9945963025093079,-0.9999995827674866,0
-0.9943024516105652,-0.9999995827674866,0
-0.9940869808197021,-0.9999995231628418,0
-0.9945392608642578,-0.9999995827674866,0
-0.9946877360343933,-0.9999995827674866,0
-0.9954892992973328,-0.9999997019767761,0
-0.9944335222244263,-0.9999995231628418,0
-0.9956259727478027,-0.9999997019767761,0
-0.9942157864570618,-0.9999994039535522,0
-0.9948396682739258,-0.9999995231628418,0
-0.9948487877845764,-0.9999995827674866,0
-0.9953535795211792,-0.9999996423721313,0
-0.9956116080284119,-0.9999997615814209,0
-0.9943341612815857,-0.9999995827674866,0
-0.9923315048217773,-0.9999991059303284,0
-0.9942731261253357,-0.9999995827674866,0
-0.9947974681854248,-0.9999995827674866,0
-0.9956539273262024,-0.9999997019767761,0
-0.9921290278434753,-0.999998927116394,0
-0.9939984679222107,-0.999999463558197,0
-0.9947949051856995,-0.9999995827674866,0
-0.9929543733596802,-0.9999991655349731,0
-0.9951802492141724,-0.9999997019767761,0
-0.9904553890228271,-0.9999973773956299,0
-0.9955373406410217,-0.9999997019767761,0
-0.9950773119926453,-0.9999996423721313,0
-0.9942044615745544,-0.9999995231628418,0
-0.9947484731674194,-0.9999996423721313,0
-0.9953665137290955,-0.9999997019767761,0
-0.9945701956748962,-0.9999995827674866,0
-0.9929239153862,-0.9999990463256836,0
-0.9950648546218872,-0.9999996423721313,0
-0.9943890571594238,-0.9999995827674866,0
-0.9936232566833496,-0.9999994039535522,0
-0.9954580664634705,-0.9999997019767761,0
-0.9920346736907959,-0.9999991059303284,0
-0.9949043989181519,-0.9999995827674866,0
-0.9937264323234558,-0.9999991655349731,0
-0.9951038956642151,-0.9999996423721313,0
-0.9953185319900513,-0.9999997019767761,0
-0.9945889115333557,-0.9999995827674866,0
-0.995358407497406,-0.9999997019767761,0
-0.9945411086082458,-0.9999995827674866,0
-0.9929519891738892,-0.9999992847442627,0
-0.9934543967247009,-0.9999994039535522,0
-0.9914705753326416,-0.9999986886978149,0
-0.9947466850280762,-0.999999463558197,0
-0.9950116872787476,-0.9999995827674866,0
-0.9943045377731323,-0.9999995231628418,0
-0.994925856590271,-0.9999996423721313,0
-0.9956440329551697,-0.9999997019767761,0
-0.9955400824546814,-0.9999997019767761,0
-0.9953722953796387,-0.9999997019767761,0
-0.9954800605773926,-0.9999997019767761,0
-0.9925925731658936,-0.9999991655349731,0
-0.993439793586731,-0.9999993443489075,0
-0.9937710762023926,-0.9999993443489075,0
-0.994732141494751,-0.9999995827674866,0
-0.995614230632782,-0.9999997019767761,0
-0.9956667423248291,-0.9999997615814209,0
-0.995046079158783,-0.9999996423721313,0
-0.9940028786659241,-0.999999463558197,0
-0.994146466255188,-0.9999995231628418,0
-0.9952697157859802,-0.9999997019767761,0
-0.9956105947494507,-0.9999997019767761,0
-0.9949824810028076,-0.9999996423721313,0
-0.994253933429718,-0.9999995231628418,0
-0.9951070547103882,-0.9999996423721313,0
-0.9949243068695068,-0.9999996423721313,0
-0.9936171770095825,-0.9999994039535522,0
-0.9938980340957642,-0.9999995231628418,0
-0.9920336008071899,-0.9999991655349731,0
-0.9901081919670105,-0.9999984502792358,0
-0.9936736822128296,-0.9999994039535522,0
-0.9888750910758972,-0.9999977350234985,0
-0.9956917762756348,-0.9999997615814209,0
-0.9938473105430603,-0.9999991655349731,0
-0.9947667717933655,-0.9999995827674866,0
-0.9941309690475464,-0.9999994039535522,0
-0.9955479502677917,-0.9999997019767761,0
-0.994922399520874,-0.9999996423721313,0
-0.9949076771736145,-0.9999996423721313,0
-0.9956427216529846,-0.9999997019767761,0
-0.995528519153595,-0.9999997019767761,0
-0.9947324395179749,-0.9999995827674866,0
-0.994032621383667,-0.9999995231628418,0
-0.9948911666870117,-0.9999996423721313,0
-0.9954560995101929,-0.9999997019767761,0
-0.9933373928070068,-0.9999994039535522,0
-0.9953634738922119,-0.9999996423721313,0
-0.994576632976532,-0.9999995827674866,0
-0.9944503307342529,-0.9999995827674866,0
-0.9953253865242004,-0.9999997019767761,0
-0.9954808354377747,-0.9999997019767761,0
-0.9953734278678894,-0.9999997019767761,0
-0.9942424297332764,-0.9999995231628418,0
-0.995593786239624,-0.9999997019767761,0
-0.9955610036849976,-0.9999997019767761,0
-0.990572452545166,-0.9999985694885254,0
-0.9957609176635742,-0.9999997615814209,0
-0.9941355586051941,-0.9999995231628418,0
-0.9950616955757141,-0.9999997019767761,0
-0.9955030679702759,-0.9999997019767761,0
-0.9956693649291992,-0.9999997019767761,0
-0.9951162934303284,-0.9999996423721313,0
-0.995398998260498,-0.9999997019767761,0
-0.9942245483398438,-0.9999993443489075,0
-0.9937843680381775,-0.999999463558197,0
-0.9946086406707764,-0.9999996423721313,0
-0.9956510663032532,-0.9999997615814209,0
-0.9948825240135193,-0.9999996423721313,0
-0.9947829246520996,-0.9999995231628418,0
-0.9933345913887024,-0.9999993443489075,0
-0.9948156476020813,-0.9999996423721313,0
-0.9948919415473938,-0.9999996423721313,0
-0.994701623916626,-0.9999995827674866,0
-0.9954344034194946,-0.9999997019767761,0
-0.9957578778266907,-0.9999997615814209,0
-0.9932131171226501,-0.9999991059303284,0
-0.9943097829818726,-0.9999995231628418,0
-0.9950340986251831,-0.9999995827674866,0
-0.9944087266921997,-0.9999995231628418,0
-0.9945420622825623,-0.9999995827674866,0
-0.9953951239585876,-0.9999997019767761,0
-0.9957446455955505,-0.9999997615814209,0
-0.9953569769859314,-0.9999997019767761,0
-0.9954949617385864,-0.9999997019767761,0
-0.9949002265930176,-0.9999995827674866,0
-0.994758129119873,-0.9999995827674866,0
-0.9946069717407227,-0.9999995827674866,0
-0.9947429895401001,-0.9999995827674866,0
-0.9945942759513855,-0.9999995231628418,0
-0.9950093626976013,-0.9999996423721313,0
-0.9949280023574829,-0.9999996423721313,0
-0.9916499257087708,-0.9999991059303284,0
-0.9947460889816284,-0.9999995231628418,0
-0.9905416965484619,-0.9999985098838806,0
-0.9930802583694458,-0.9999993443489075,0
-0.9952613711357117,-0.9999996423721313,0
-0.9953856468200684,-0.9999997019767761,0
-0.9948776364326477,-0.9999996423721313,0
-0.9952601790428162,-0.9999997019767761,0
-0.9951156377792358,-0.9999996423721313,0
-0.9945922493934631,-0.9999995231628418,0
-0.9939902424812317,-0.9999995231628418,0
-0.9954208135604858,-0.9999997019767761,0
-0.9955688118934631,-0.9999997019767761,0
-0.9944591522216797,-0.9999995827674866,0
-0.9920758008956909,-0.9999991059303284,0
-0.9950684905052185,-0.9999996423721313,0
-0.9939963221549988,-0.999999463558197,0
-0.9943993091583252,-0.9999995827674866,0
-0.9956417679786682,-0.9999997615814209,0
-0.995468258857727,-0.9999997019767761,0
-0.9933648109436035,-0.9999994039535522,0
-0.9937921762466431,-0.9999991655349731,0
-0.9948907494544983,-0.9999995827674866,0
-0.9949659109115601,-0.9999996423721313,0
-0.995673418045044,-0.9999997019767761,0
-0.993212878704071,-0.9999993443489075,0
-0.995627760887146,-0.9999997615814209,0
-0.9910813570022583,-0.9999985098838806,0
-0.9938506484031677,-0.9999994039535522,0
-0.9952685832977295,-0.9999997019767761,0
-0.9947984218597412,-0.9999996423721313,0
-0.9922593235969543,-0.9999989867210388,0
-0.9938533306121826,-0.9999995231628418,0
-0.994961142539978,-0.9999996423721313,0
-0.9954330325126648,-0.9999997019767761,0
-0.9954509735107422,-0.9999997019767761,0
-0.9956504702568054,-0.9999997019767761,0
-0.9937217235565186,-0.999999463558197,0
-0.9947248697280884,-0.9999995827674866,0
-0.9945775866508484,-0.9999995827674866,0
-0.9948561787605286,-0.9999996423721313,0
-0.9948045015335083,-0.9999995827674866,0
-0.9938710331916809,-0.9999995231628418,0
-0.9940003752708435,-0.999999463558197,0
-0.9955168962478638,-0.9999997019767761,0
-0.992435872554779,-0.9999992251396179,0
-0.9936283826828003,-0.9999994039535522,0
-0.9954705238342285,-0.9999997019767761,0
-0.995221734046936,-0.9999996423721313,0
-0.9941306710243225,-0.9999994039535522,0
-0.9952142238616943,-0.9999996423721313,0
-0.9954466819763184,-0.9999997019767761,0
-0.9955801367759705,-0.9999997019767761,0
-0.9952009916305542,-0.9999996423721313,0
-0.9939113259315491,-0.999999463558197,0
-0.9954005479812622,-0.9999997019767761,0
-0.9948071837425232,-0.9999995827674866,0
-0.9956031441688538,-0.9999997019767761,0
-0.9953876733779907,-0.9999997019767761,0
-0.9943187832832336,-0.9999995231628418,0
-0.9951871633529663,-0.9999997019767761,0
-0.9933525323867798,-0.9999992847442627,0
-0.9949589371681213,-0.9999996423721313,0
-0.9951017498970032,-0.9999996423721313,0
-0.9920487999916077,-0.9999990463256836,0
-0.995246171951294,-0.9999997019767761,0
-0.9948394894599915,-0.9999996423721313,0
-0.9913246631622314,-0.9999987483024597,0
-0.9949837327003479,-0.9999996423721313,0
-0.9937705397605896,-0.9999994039535522,0
-0.9951937794685364,-0.9999996423721313,0
-0.9957471489906311,-0.9999997615814209,0
-0.9936143755912781,-0.999999463558197,0
-0.994633674621582,-0.9999995827674866,0
-0.9953091740608215,-0.9999997019767761,0
-0.9948832988739014,-0.9999995827674866,0
-0.9947954416275024,-0.999999463558197,0
-0.9953169822692871,-0.9999997019767761,0
-0.9944837689399719,-0.9999995827674866,0
-0.9942275285720825,-0.9999995231628418,0
-0.9952326416969299,-0.9999997019767761,0
-0.9952970147132874,-0.9999997019767761,0
-0.9953014850616455,-0.9999997019767761,0
-0.9955333471298218,-0.9999997019767761,0
-0.995658814907074,-0.9999997019767761,0
-0.9951578974723816,-0.9999996423721313,0
-0.9945372939109802,-0.9999995827674866,0
-0.995107114315033,-0.9999996423721313,0
-0.9953119158744812,-0.9999997019767761,0
-0.9954036474227905,-0.9999997019767761,0
-0.9955086708068848,-0.9999997019767761,0
-0.9951883554458618,-0.9999997019767761,0
-0.9940019845962524,-0.999999463558197,0
-0.9956457614898682,-0.9999997019767761,0
-0.9940098524093628,-0.999999463558197,0
-0.9939919114112854,-0.999999463558197,0
-0.9939396381378174,-0.999999463558197,0
-0.9953988194465637,-0.9999997019767761,0
-0.9952031970024109,-0.9999997019767761,0
-0.9952641725540161,-0.9999997019767761,0
-0.9880917072296143,-0.999997079372406,0
-0.9947758316993713,-0.9999996423721313,0
-0.9948902130126953,-0.9999996423721313,0
-0.9955675005912781,-0.9999997019767761,0
-0.9944503307342529,-0.9999995827674866,0
-0.9947731494903564,-0.9999995827674866,0
-0.9945899248123169,-0.9999995827674866,0
-0.9953281879425049,-0.9999996423721313,0
-0.9956476092338562,-0.9999997019767761,0
-0.9952837824821472,-0.9999997019767761,0
-0.9939627051353455,-0.9999992251396179,0
-0.9943664073944092,-0.9999994039535522,0
-0.993601381778717,-0.9999994039535522,0
-0.9945667386054993,-0.9999995827674866,0
-0.9957218766212463,-0.9999997615814209,0
-0.9939873218536377,-0.999999463558197,0
-0.9938656091690063,-0.999999463558197,0
-0.9946098327636719,-0.9999995827674866,0
-0.9946050643920898,-0.9999995231628418,0
-0.9936903119087219,-0.999999463558197,0
-0.9953650832176208,-0.9999997019767761,0
-0.9945107102394104,-0.9999995231628418,0
-0.9946534037590027,-0.9999995827674866,0
-0.9955119490623474,-0.9999997019767761,0
-0.9948155879974365,-0.9999996423721313,0
-0.9952428936958313,-0.9999995827674866,0
-0.994875431060791,-0.9999995827674866,0
-0.9951688647270203,-0.9999996423721313,0
-0.9954277276992798,-0.9999996423721313,0
-0.9956119060516357,-0.9999997019767761,0
-0.9952893257141113,-0.9999997019767761,0
-0.995330274105072,-0.9999997019767761,0
-0.9952394962310791,-0.9999997019767761,0
-0.9951501488685608,-0.9999997019767761,0
-0.9948900938034058,-0.9999995827674866,0
-0.9941291809082031,-0.9999995231628418,0
-0.994897723197937,-0.9999996423721313,0
-0.9952656030654907,-0.9999997019767761,0
-0.9951791763305664,-0.9999997019767761,0
-0.9935970306396484,-0.999999463558197,0
-0.992534875869751,-0.9999991655349731,0
-0.9950233101844788,-0.9999996423721313,0
-0.9946038722991943,-0.9999995827674866,0
-0.9956785440444946,-0.9999997019767761,0
-0.9951562881469727,-0.9999996423721313,0
-0.9948733448982239,-0.9999996423721313,0
-0.9954187870025635,-0.9999997019767761,0
-0.9922539591789246,-0.9999991059303284,0
-0.9949626326560974,-0.9999995827674866,0
-0.9945859313011169,-0.9999995827674866,0
-0.9930527806282043,-0.9999992847442627,0
-0.9948692917823792,-0.9999996423721313,0
-0.9934781789779663,-0.9999990463256836,0
-0.9925252795219421,-0.9999992251396179,0
-0.995520830154419,-0.9999997019767761,0
-0.9944552779197693,-0.9999995231628418,0
-0.9951197504997253,-0.9999996423721313,0
-0.9951981902122498,-0.9999996423721313,0
-0.9949052333831787,-0.9999996423721313,0
-0.995659351348877,-0.9999997019767761,0
-0.9947972893714905,-0.9999996423721313,0
-0.9947482347488403,-0.9999995827674866,0
-0.9950352311134338,-0.9999996423721313,0
-0.9936553835868835,-0.999999463558197,0
-0.9946488738059998,-0.9999995827674866,0
-0.995418131351471,-0.9999997019767761,0
-0.9944075345993042,-0.9999995827674866,0
-0.9955146908760071,-0.9999997019767761,0
-0.9939693212509155,-0.999999463558197,0
-0.9952172636985779,-0.9999996423721313,0
-0.9930150508880615,-0.9999992251396179,0
-0.9955511093139648,-0.9999997019767761,0
-0.9944192171096802,-0.9999995231628418,0
-0.9906753897666931,-0.9999987483024597,0
-0.9935715198516846,-0.9999993443489075,0
-0.9947875738143921,-0.9999995827674866,0
-0.9955524802207947,-0.9999997019767761,0
-0.9924271106719971,-0.9999991059303284,0
-0.9952079057693481,-0.9999996423721313,0
-0.9952459931373596,-0.9999997019767761,0
-0.9951091408729553,-0.9999996423721313,0
-0.9935984015464783,-0.9999994039535522,0
-0.9944226741790771,-0.9999995827674866,0
-0.9956319332122803,-0.9999997615814209,0
-0.9953528046607971,-0.9999997019767761,0
-0.9939343929290771,-0.999999463558197,0
-0.9945132732391357,-0.9999995231628418,0
-0.9948407411575317,-0.9999996423721313,0
-0.9945245385169983,-0.9999995827674866,0
-0.9950118660926819,-0.9999995827674866,0
-0.9884660243988037,-0.9999974370002747,0
-0.9945473670959473,-0.9999994039535522,0
-0.9953108429908752,-0.9999997019767761,0
-0.9950621128082275,-0.9999996423721313,0
-0.9946159720420837,-0.9999995827674866,0
-0.9955459237098694,-0.9999997019767761,0
-0.9934892058372498,-0.999999463558197,0
-0.9950019121170044,-0.9999996423721313,0
-0.9951084852218628,-0.9999996423721313,0
-0.9948769211769104,-0.9999995827674866,0
-0.995046079158783,-0.9999995827674866,0
-0.9952728748321533,-0.9999997019767761,0
-0.9936894178390503,-0.999999463558197,0
-0.9946626424789429,-0.9999995827674866,0
-0.9957250356674194,-0.9999997615814209,0
-0.9908277988433838,-0.9999987483024597,0
-0.9947835206985474,-0.9999995827674866,0
-0.9937455058097839,-0.9999993443489075,0
-0.9953511953353882,-0.9999996423721313,0
-0.9941880702972412,-0.9999995231628418,0
-0.9946322441101074,-0.9999995827674866,0
-0.992033064365387,-0.9999990463256836,0
-0.9949650168418884,-0.9999995827674866,0
-0.9950211048126221,-0.9999996423721313,0
-0.99354088306427,-0.9999993443489075,0
-0.9953196048736572,-0.9999997019767761,0
-0.9925287365913391,-0.9999992251396179,0
-0.9940281510353088,-0.9999994039535522,0
-0.9895660281181335,-0.9999982714653015,0
-0.9954655170440674,-0.9999997019767761,0
-0.9956597685813904,-0.9999997615814209,0
-0.9942706227302551,-0.9999995231628418,0
-0.9934650659561157,-0.9999993443489075,0
-0.9948892593383789,-0.9999996423721313,0
-0.9945330619812012,-0.9999995827674866,0
-0.9944501519203186,-0.9999995827674866,0
-0.9955174922943115,-0.9999997019767761,0
-0.9945952296257019,-0.9999995827674866,0
-0.9950621724128723,-0.9999996423721313,0
-0.9947336912155151,-0.9999995827674866,0
-0.9949007630348206,-0.9999996423721313,0
-0.9947459697723389,-0.9999995827674866,0
-0.994178295135498,-0.9999995231628418,0
-0.9945154786109924,-0.9999995827674866,0
-0.9953713417053223,-0.9999997019767761,0
-0.9949193000793457,-0.9999996423721313,0
-0.9933708310127258,-0.9999992251396179,0
-0.9954912662506104,-0.9999997019767761,0
-0.9936690330505371,-0.9999993443489075,0
-0.9941650032997131,-0.9999993443489075,0
-0.9953984618186951,-0.9999997019767761,0
-0.9956651926040649,-0.9999997019767761,0
-0.993604302406311,-0.9999992847442627,0
-0.9869660139083862,-0.9999968409538269,0
-0.9950854778289795,-0.9999996423721313,0
-0.9957611560821533,-0.9999997615814209,0
-0.994450569152832,-0.9999995827674866,0
-0.9954794645309448,-0.9999997019767761,0
-0.9952031970024109,-0.9999997019767761,0
-0.9938656687736511,-0.999999463558197,0
-0.9938347935676575,-0.999999463558197,0
-0.9954533576965332,-0.9999996423721313,0
-0.9926616549491882,-0.9999992251396179,0
-0.9951343536376953,-0.9999997019767761,0
-0.9948832988739014,-0.9999996423721313,0
-0.9950501918792725,-0.9999996423721313,0
-0.9951539039611816,-0.9999997019767761,0
-0.9919325113296509,-0.9999990463256836,0
-0.9956067800521851,-0.9999997019767761,0
-0.9944166541099548,-0.9999995231628418,0
-0.9948105812072754,-0.9999996423721313,0
-0.995406985282898,-0.9999997019767761,0
-0.9943543672561646,-0.9999995827674866,0
-0.9935172200202942,-0.9999993443489075,0
-0.9956700205802917,-0.9999997615814209,0
-0.9949401021003723,-0.9999996423721313,0
-0.9947016835212708,-0.9999996423721313,0
-0.995002806186676,-0.9999996423721313,0
-0.994888961315155,-0.9999996423721313,0
-0.9957098364830017,-0.9999997615814209,0
-0.994790256023407,-0.9999996423721313,0
-0.9948970079421997,-0.9999995231628418,0
-0.9950754642486572,-0.9999996423721313,0
-0.9948518872261047,-0.9999996423721313,0
-0.9951745867729187,-0.9999996423721313,0
-0.9953632354736328,-0.9999997019767761,0
-0.9937508702278137,-0.9999994039535522,0
-0.9900227189064026,-0.9999984502792358,0
-0.9940454363822937,-0.999999463558197,0
-0.9938668608665466,-0.999999463558197,0
-0.9944120049476624,-0.9999995827674866,0
-0.9956661462783813,-0.9999997019767761,0
-0.9886524081230164,-0.9999979138374329,0
-0.9955424666404724,-0.9999997019767761,0
-0.9945347905158997,-0.9999995827674866,0
-0.9953012466430664,-0.9999997019767761,0
-0.9954754710197449,-0.9999997019767761,0
-0.9931524395942688,-0.9999993443489075,0
-0.9935386776924133,-0.9999994039535522,0
-0.9950863122940063,-0.9999996423721313,0
-0.9953101277351379,-0.9999996423721313,0
-0.995518147945404,-0.9999997019767761,0
-0.9955289363861084,-0.9999997019767761,0
-0.9945898652076721,-0.9999995827674866,0
-0.9952608942985535,-0.9999997019767761,0
-0.9909998178482056,-0.9999983310699463,0
-0.993870735168457,-0.999999463558197,0
-0.9957122206687927,-0.9999997019767761,0
-0.9948682188987732,-0.9999996423721313,0
-0.9955733418464661,-0.9999997019767761,0
-0.9939834475517273,-0.999999463558197,0
-0.9925330281257629,-0.9999992251396179,0
-0.9948192238807678,-0.9999996423721313,0
-0.994914710521698,-0.9999996423721313,0
-0.9913175106048584,-0.999998927116394,0
-0.9947298169136047,-0.9999996423721313,0
-0.9936027526855469,-0.9999994039535522,0
-0.9916484951972961,-0.9999990463256836,0
-0.9947329163551331,-0.9999995231628418,0
-0.9950579404830933,-0.9999996423721313,0
-0.9932464957237244,-0.9999993443489075,0
-0.9957465529441833,-0.9999997615814209,0
-0.9949836730957031,-0.9999996423721313,0
-0.9930011630058289,-0.9999991059303284,0
-0.9950572848320007,-0.9999995827674866,0
-0.9941068887710571,-0.9999995231628418,0
-0.9956421852111816,-0.9999997615814209,0
-0.9954071044921875,-0.9999997019767761,0
-0.9946645498275757,-0.9999995827674866,0
-0.995637834072113,-0.9999997019767761,0
-0.9866090416908264,-0.9999958872795105,0
-0.9952296018600464,-0.9999997019767761,0
-0.993381679058075,-0.9999993443489075,0
-0.9932878613471985,-0.9999993443489075,0
-0.995385468006134,-0.9999997019767761,0
-0.9942605495452881,-0.9999995827674866,0
-0.9902741312980652,-0.9999983906745911,0
-0.9952844977378845,-0.9999997019767761,0
-0.9953324198722839,-0.9999996423721313,0
-0.9927340149879456,-0.9999992847442627,0
-0.9948394894599915,-0.9999996423721313,0
-0.9919753670692444,-0.9999988079071045,0
-0.9944716691970825,-0.9999995827674866,0
-0.995406985282898,-0.9999997019767761,0
-0.9955824613571167,-0.9999997019767761,0
-0.9906938672065735,-0.9999986886978149,0
-0.9936815500259399,-0.9999990463256836,0
-0.9950172305107117,-0.9999995827674866,0
-0.9952188730239868,-0.9999996423721313,0
-0.9954962730407715,-0.9999997019767761,0
-0.9957544207572937,-0.9999997615814209,0
-0.9950650930404663,-0.9999996423721313,0
-0.9948491454124451,-0.9999996423721313,0
-0.9921321272850037,-0.9999991059303284,0
-0.9945792555809021,-0.999999463558197,0
-0.9955456852912903,-0.9999997019767761,0
-0.9948155283927917,-0.9999995827674866,0
-0.995737612247467,-0.9999997615814209,0
-0.9955849051475525,-0.9999997019767761,0
-0.995434582233429,-0.9999996423721313,0
-0.9948524832725525,-0.9999995827674866,0
-0.9953701496124268,-0.9999997019767761,0
-0.9884591102600098,-0.9999980926513672,0
-0.9929102659225464,-0.9999992847442627,0
-0.9928913712501526,-0.9999993443489075,0
-0.9955485463142395,-0.9999997019767761,0
-0.9955463409423828,-0.9999997019767761,0
-0.9923241138458252,-0.9999990463256836,0
-0.995740532875061,-0.9999997615814209,0
-0.9952390193939209,-0.9999996423721313,0
-0.993941068649292,-0.9999994039535522,0
-0.9894794821739197,-0.9999985694885254,0
-0.9944885969161987,-0.9999995827674866,0
-0.9956062436103821,-0.9999997019767761,0
-0.9944247603416443,-0.9999995827674866,0
-0.9956943988800049,-0.9999997615814209,0
-0.9957299828529358,-0.9999997615814209,0
-0.9953550696372986,-0.9999996423721313,0
-0.9947633147239685,-0.9999995827674866,0
-0.9955387115478516,-0.9999997019767761,0
-0.9938182830810547,-0.999999463558197,0
-0.9956263303756714,-0.9999997019767761,0
-0.9936192035675049,-0.9999994039535522,0
