-0.9916360378265381,-0.9997796416282654,1
-0.9951292276382446,-0.9998452067375183,1
-0.9933246374130249,-0.9997745156288147,1
-0.9944267272949219,-0.99981689453125,1
-0.9820095896720886,-0.9989806413650513,1
-0.9932103753089905,-0.9995377659797668,1
-0.9952139258384705,-0.9998584985733032,1
-0.9943525791168213,-0.9998574256896973,1
-0.99519944190979,-0.9998729228973389,1
-0.9927716851234436,-0.9997785091400146,1
-0.9956215023994446,-0.9998632073402405,1
-0.9872503280639648,-0.999377965927124,1
-0.9951959252357483,-0.99986732006073,1
-0.995037317276001,-0.9998716711997986,1
-0.991958498954773,-0.9997116923332214,1
-0.9917041063308716,-0.9997056126594543,1
-0.9921479821205139,-0.9997327923774719,1
-0.9899036884307861,-0.9995562434196472,1
-0.9949096441268921,-0.9998319745063782,1
-0.9906917214393616,-0.9996405839920044,1
-0.994936466217041,-0.9997948408126831,1
-0.9947076439857483,-0.9998544454574585,1
-0.9947652220726013,-0.9997508525848389,1
-0.9938587546348572,-0.9994950294494629,1
-0.9928985238075256,-0.9996747970581055,1
-0.9862757325172424,-0.9991765022277832,1
-0.9923931360244751,-0.9997851848602295,1
-0.992280125617981,-0.9997345805168152,1
-0.9957099556922913,-0.9998540282249451,1
-0.9953805208206177,-0.9998631477355957,1
-0.9931373596191406,-0.9996762275695801,1
-0.9936999678611755,-0.9998468160629272,1
-0.9950438737869263,-0.999825656414032,1
-0.9944495558738708,-0.9998641014099121,1
-0.9928115606307983,-0.9997940063476562,1
-0.9944900274276733,-0.9998672604560852,1
-0.9937037229537964,-0.9998349547386169,1
-0.9928669333457947,-0.9995109438896179,1
-0.9935865998268127,-0.9997511506080627,1
-0.9934950470924377,-0.9998279809951782,1
-0.9950282573699951,-0.9997555613517761,1
-0.9932040572166443,-0.9998294115066528,1
-0.9930896162986755,-0.9998183846473694,1
-0.9887747168540955,-0.9996120929718018,1
-0.9932345151901245,-0.9997689723968506,1
-0.9811586141586304,-0.9980652332305908,1
-0.994830310344696,-0.9997463822364807,1
-0.9948283433914185,-0.9998669624328613,1
-0.9952995181083679,-0.9998771548271179,1
-0.9939965009689331,-0.9998569488525391,1
-0.9929566979408264,-0.9998206496238708,1
-0.9951229691505432,-0.9998182058334351,1
-0.9924019575119019,-0.9997993111610413,1
-0.9928105473518372,-0.9995835423469543,1
-0.995506763458252,-0.9998769164085388,1
-0.994000256061554,-0.9997480511665344,1
-0.9917351603507996,-0.9997843503952026,1
-0.9884302616119385,-0.9995922446250916,1
-0.9952017068862915,-0.9998264908790588,1
-0.995431125164032,-0.9998458027839661,1
-0.9954478144645691,-0.9998685717582703,1
-0.9955064058303833,-0.9998693466186523,1
-0.9956216812133789,-0.9998536705970764,1
-0.989921510219574,-0.9995660185813904,1
-0.991870641708374,-0.9997457265853882,1
-0.9940486550331116,-0.9998542666435242,1
-0.994889497756958,-0.999785304069519,1
-0.9912678599357605,-0.9996942281723022,1
-0.9953835606575012,-0.9998422861099243,1
-0.9953939318656921,-0.9997906684875488,1
-0.9943917393684387,-0.999833345413208,1
-0.994369626045227,-0.9998178482055664,1
-0.9944003224372864,-0.9998420476913452,1
-0.9932639598846436,-0.9997022747993469,1
-0.9911472201347351,-0.9995951652526855,1
-0.987312376499176,-0.9992221593856812,1
-0.9929342865943909,-0.9997010827064514,1
-0.9944728016853333,-0.9997885227203369,1
-0.9936289191246033,-0.9996905326843262,1
-0.9928762316703796,-0.9995936751365662,1
-0.9940572381019592,-0.9997738003730774,1
-0.9938706755638123,-0.9996676445007324,1
-0.9927729368209839,-0.9998236298561096,1
-0.9949789047241211,-0.9998462796211243,1
-0.9901003837585449,-0.9995331764221191,1
-0.9956129789352417,-0.99982088804245,1
-0.9907824397087097,-0.9996491074562073,1
-0.9929401278495789,-0.9998230934143066,1
-0.9915110468864441,-0.9997790455818176,1
-0.9940617680549622,-0.999849796295166,1
-0.9938817620277405,-0.9997841715812683,1
-0.992307722568512,-0.9997931122779846,1
-0.9950720071792603,-0.9998738765716553,1
-0.9926727414131165,-0.9997724890708923,1
-0.9909308552742004,-0.9995982646942139,1
-0.9950482845306396,-0.9998412728309631,1
-0.9955639243125916,-0.9998511672019958,1
-0.9946519136428833,-0.9997426271438599,1
-0.9894380569458008,-0.9995797872543335,1
-0.9950889945030212,-0.9998139142990112,1
-0.9944728016853333,-0.9997718930244446,1
-0.9952216148376465,-0.9998583793640137,1
-0.9939020276069641,-0.9997711181640625,1
-0.9876601696014404,-0.9992631077766418,1
-0.9951139688491821,-0.9998601675033569,1
-0.9937859773635864,-0.9997275471687317,1
-0.9948198199272156,-0.9998505115509033,1
-0.9940686821937561,-0.9997859001159668,1
-0.995471179485321,-0.9998430013656616,1
-0.9902474880218506,-0.9994112253189087,1
-0.9946591854095459,-0.9997683763504028,1
-0.9942877888679504,-0.9997962713241577,1
-0.9949159622192383,-0.9997351169586182,1
-0.9956786036491394,-0.9998679757118225,1
-0.9955198764801025,-0.999870240688324,1
-0.9948379993438721,-0.9998030662536621,1
-0.9944551587104797,-0.999795138835907,1
-0.9953020811080933,-0.9998631477355957,1
-0.9920655488967896,-0.9997895359992981,1
-0.9948897957801819,-0.9997687339782715,1
-0.9954540729522705,-0.9998018741607666,1
-0.9947424530982971,-0.9998430013656616,1
-0.9949315786361694,-0.999833881855011,1
-0.9948053956031799,-0.9998244047164917,1
-0.9941466450691223,-0.9997699856758118,1
-0.9914632439613342,-0.9997563362121582,1
-0.9947434067726135,-0.9998140931129456,1
-0.9941110610961914,-0.9996801018714905,1
-0.991746187210083,-0.9997811913490295,1
-0.9932973384857178,-0.9997384548187256,1
-0.9955700635910034,-0.9998663663864136,1
-0.995244562625885,-0.9998775124549866,1
-0.994035005569458,-0.9998478889465332,1
-0.9952611327171326,-0.9998529553413391,1
-0.9895980954170227,-0.9996168613433838,1
-0.9947129487991333,-0.9996726512908936,1
-0.9955140948295593,-0.9998518824577332,1
-0.9956433773040771,-0.9998732805252075,1
-0.9953584671020508,-0.9998356103897095,1
-0.995286226272583,-0.9997974634170532,1
-0.9936544895172119,-0.9998456835746765,1
-0.9943159818649292,-0.9996950626373291,1
-0.9894528388977051,-0.9993100166320801,1
-0.9946695566177368,-0.999697744846344,1
-0.9946557879447937,-0.9997876286506653,1
-0.9945039749145508,-0.9997464418411255,1
-0.9954159259796143,-0.999875009059906,1
-0.9956907033920288,-0.9998465776443481,1
-0.995026171207428,-0.9998311400413513,1
-0.9954502582550049,-0.9998255968093872,1
-0.993838906288147,-0.9998108744621277,1
-0.9917251467704773,-0.9997165203094482,1
-0.9936567544937134,-0.9998000264167786,1
-0.9948270320892334,-0.9998488426208496,1
-0.9954304099082947,-0.9998634457588196,1
-0.9940363764762878,-0.9997478127479553,1
-0.9953579306602478,-0.9998534321784973,1
-0.9952525496482849,-0.9998630881309509,1
-0.9916359186172485,-0.9996407628059387,1
-0.9926071166992188,-0.9996483325958252,1
-0.9921190142631531,-0.9997146725654602,1
-0.995599627494812,-0.9998725056648254,1
-0.989059329032898,-0.9992187023162842,1
-0.9947211146354675,-0.9998692274093628,1
-0.9952605962753296,-0.9998749494552612,1
-0.9944775700569153,-0.999853253364563,1
-0.9932971596717834,-0.9998235106468201,1
-0.995125412940979,-0.9998744130134583,1
-0.9944358468055725,-0.9998465180397034,1
-0.9937868118286133,-0.9995666146278381,1
-0.9939613938331604,-0.9997457265853882,1
-0.9901527166366577,-0.9996940493583679,1
-0.9934462904930115,-0.9997966885566711,1
-0.9952254891395569,-0.9998728036880493,1
-0.9956854581832886,-0.9998683333396912,1
-0.994432270526886,-0.9998330473899841,1
-0.9955413937568665,-0.9998770952224731,1
-0.9949120879173279,-0.9998428821563721,1
-0.9943973422050476,-0.9998568296432495,1
-0.9955281615257263,-0.9998674392700195,1
-0.9910309314727783,-0.9996771812438965,1
-0.9936316609382629,-0.9995942711830139,1
-0.9950872659683228,-0.9998376369476318,1
-0.994768500328064,-0.9997923374176025,1
-0.9937338829040527,-0.9998335838317871,1
-0.9931869506835938,-0.9997944235801697,1
-0.9943360686302185,-0.9998291730880737,1
-0.9910939931869507,-0.999681830406189,1
-0.9940239787101746,-0.9995620846748352,1
-0.9941717982292175,-0.9998435974121094,1
-0.9929812550544739,-0.9997903108596802,1
-0.9945136308670044,-0.9996815919876099,1
-0.995036244392395,-0.9998076558113098,1
-0.9923117756843567,-0.9997566938400269,1
-0.9939695596694946,-0.9997850060462952,1
-0.99228435754776,-0.9998077154159546,1
-0.9900258779525757,-0.9996047616004944,1
-0.991276741027832,-0.9996667504310608,1
-0.9944659471511841,-0.9997084140777588,1
-0.9946463108062744,-0.9998442530632019,1
-0.9951505661010742,-0.9998564124107361,1
-0.9936837553977966,-0.9998417496681213,1
-0.9908125400543213,-0.9996601343154907,1
-0.9952073097229004,-0.9998401403427124,1
-0.9876115322113037,-0.9991880059242249,1
-0.9921583533287048,-0.9997624158859253,1
-0.9956057667732239,-0.9998550415039062,1
-0.9946722984313965,-0.99983149766922,1
-0.9917097091674805,-0.9997575283050537,1
-0.992662787437439,-0.9995852708816528,1
-0.9938017129898071,-0.9997248649597168,1
-0.9931128025054932,-0.999785304069519,1
-0.9945038557052612,-0.9998589158058167,1
-0.9953534603118896,-0.9998301267623901,1
-0.9926811456680298,-0.9997971057891846,1
-0.992857038974762,-0.9998042583465576,1
-0.9949577450752258,-0.9998456835746765,1
-0.9948551058769226,-0.9998282194137573,1
-0.9940332770347595,-0.9997891187667847,1
-0.9937796592712402,-0.999843955039978,1
-0.9923422932624817,-0.9996889233589172,1
-0.9932709336280823,-0.9998304843902588,1
-0.9951895475387573,-0.9998406171798706,1
-0.9955123066902161,-0.9998217225074768,1
-0.9940994381904602,-0.9998251795768738,1
-0.9931691884994507,-0.9997677206993103,1
-0.995204746723175,-0.9998670816421509,1
-0.9953014254570007,-0.9998641014099121,1
-0.9951639771461487,-0.9998708963394165,1
-0.995502233505249,-0.9998700022697449,1
-0.9922541379928589,-0.9997469186782837,1
-0.9923039078712463,-0.9998046159744263,1
-0.995590329170227,-0.9998699426651001,1
-0.9950472712516785,-0.9998727440834045,1
-0.9934234023094177,-0.9997972846031189,1
-0.9949531555175781,-0.9997485280036926,1
-0.9931300282478333,-0.9997221827507019,1
-0.9919787049293518,-0.9996969699859619,1
-0.9956408739089966,-0.999855101108551,1
-0.9920517802238464,-0.9993731379508972,1
-0.9941543936729431,-0.9998567700386047,1
-0.9936608076095581,-0.9998283386230469,1
-0.993785560131073,-0.9996162056922913,1
-0.9940049648284912,-0.9998352527618408,1
-0.9930160641670227,-0.9997976422309875,1
-0.9937382936477661,-0.9997312426567078,1
-0.9897884130477905,-0.9995290040969849,1
-0.9947182536125183,-0.9998148083686829,1
-0.9945396184921265,-0.9996668100357056,1
-0.9873986840248108,-0.9995186924934387,1
-0.9929102659225464,-0.9997998476028442,1
-0.9936779141426086,-0.9997919797897339,1
-0.9947075247764587,-0.9998258352279663,1
-0.9942842721939087,-0.9997939467430115,1
-0.9945037364959717,-0.9998197555541992,1
-0.994288980960846,-0.9997973442077637,1
-0.9934576153755188,-0.999809980392456,1
-0.9950050711631775,-0.9998461008071899,1
-0.9929358959197998,-0.9994804263114929,1
-0.9922181963920593,-0.9998012781143188,1
-0.9953926801681519,-0.999851644039154,1
-0.9855808019638062,-0.9993685483932495,1
-0.9940924048423767,-0.9997377991676331,1
-0.9896953701972961,-0.9993441104888916,1
-0.9948803782463074,-0.9998456835746765,1
-0.9949968457221985,-0.999768078327179,1
-0.9942277073860168,-0.9997611045837402,1
-0.9872350096702576,-0.9993924498558044,1
-0.9936040639877319,-0.9997382760047913,1
-0.9941197633743286,-0.9998577833175659,1
-0.9942683577537537,-0.9998264312744141,1
-0.9949551820755005,-0.999864935874939,1
-0.9940418004989624,-0.9997029900550842,1
-0.9952345490455627,-0.9998517632484436,1
-0.9910318851470947,-0.9996302723884583,1
-0.9822602272033691,-0.998775839805603,1
-0.9936197400093079,-0.999830424785614,1
-0.9908885359764099,-0.9997416138648987,1
-0.9937087297439575,-0.9998024702072144,1
-0.9954963326454163,-0.9998494386672974,1
-0.9903950095176697,-0.9997243285179138,1
-0.9943425059318542,-0.9997838735580444,1
-0.9905526041984558,-0.9995482563972473,1
-0.9933464527130127,-0.9998267889022827,1
-0.9936298727989197,-0.9997751116752625,1
-0.9930163621902466,-0.9995529055595398,1
-0.9949489235877991,-0.9998744130134583,1
-0.9892106056213379,-0.9994155168533325,1
-0.9942405223846436,-0.9997895359992981,1
-0.9949914216995239,-0.9998178482055664,1
-0.9952154159545898,-0.999875545501709,1
-0.9903469681739807,-0.9996330142021179,1
-0.9948683381080627,-0.999868631362915,1
-0.993154764175415,-0.9998336434364319,1
-0.9923281669616699,-0.9997353553771973,1
-0.9947866797447205,-0.9998587965965271,1
-0.9920265674591064,-0.9997966885566711,1
-0.9956067800521851,-0.9998677968978882,1
-0.9913467764854431,-0.999557614326477,1
-0.9948542714118958,-0.999817967414856,1
-0.9917025566101074,-0.9997878670692444,1
-0.9941447973251343,-0.9997571706771851,1
-0.9926418662071228,-0.9997735619544983,1
-0.9919633865356445,-0.9997413158416748,1
-0.9925797581672668,-0.9997984170913696,1
-0.9942353367805481,-0.99985671043396,1
-0.9956414103507996,-0.9998324513435364,1
-0.9956186413764954,-0.9998524785041809,1
-0.9952312111854553,-0.9998582601547241,1
-0.9929946064949036,-0.9996892213821411,1
-0.9937271475791931,-0.9998482465744019,1
-0.9957163333892822,-0.9998528361320496,1
-0.9928637146949768,-0.9998207688331604,1
-0.993403971195221,-0.9998328685760498,1
-0.9933612942695618,-0.9998043775558472,1
-0.9931820034980774,-0.9997655749320984,1
-0.9923896193504333,-0.9998079538345337,1
-0.9929115176200867,-0.9997981190681458,1
-0.9888138771057129,-0.9996584057807922,1
-0.9940029382705688,-0.9998561143875122,1
-0.9952290654182434,-0.9998656511306763,1
-0.9951536059379578,-0.9998054504394531,1
-0.9949761033058167,-0.9997535943984985,1
-0.990330696105957,-0.9996835589408875,1
-0.9934731721878052,-0.9998311996459961,1
-0.9939995408058167,-0.9997488856315613,1
-0.9952235817909241,-0.9998463988304138,1
-0.9939021468162537,-0.9998540878295898,1
-0.9954203367233276,-0.9998777508735657,1
-0.9942007660865784,-0.9998161196708679,1
-0.99223792552948,-0.9995876550674438,1
-0.9951984286308289,-0.999826967716217,1
-0.9952833652496338,-0.999782383441925,1
-0.994879961013794,-0.9998425245285034,1
-0.9930731654167175,-0.999824583530426,1
-0.9912954568862915,-0.9997143149375916,1
-0.9947592616081238,-0.9998127818107605,1
-0.9945651292800903,-0.9998677372932434,1
-0.9948556423187256,-0.9998393058776855,1
-0.9938211441040039,-0.9997509121894836,1
-0.995195746421814,-0.999864399433136,1
-0.9920748472213745,-0.9997504949569702,1
-0.9950506687164307,-0.999856173992157,1
-0.9950117468833923,-0.9997528195381165,1
-0.9952509999275208,-0.9998754262924194,1
-0.9896268248558044,-0.9996760487556458,1
-0.9945024251937866,-0.9997960925102234,1
-0.9946939945220947,-0.9998611807823181,1
-0.9945987462997437,-0.9998587369918823,1
-0.9931528568267822,-0.9996963739395142,1
-0.9906832575798035,-0.9997096657752991,1
-0.9954201579093933,-0.9998564720153809,1
-0.9891508221626282,-0.9995521903038025,1
-0.9942760467529297,-0.999817430973053,1
-0.994400680065155,-0.9997158050537109,1
-0.992565929889679,-0.9996392726898193,1
-0.9939369559288025,-0.9998132586479187,1
-0.9936895370483398,-0.9997984170913696,1
-0.9879492521286011,-0.9994639158248901,1
-0.9928698539733887,-0.9998189806938171,1
-0.9954086542129517,-0.9998043179512024,1
-0.9949093461036682,-0.9997758269309998,1
-0.9916208982467651,-0.999686062335968,1
-0.992580235004425,-0.9997838735580444,1
-0.9956546425819397,-0.99986732006073,1
-0.9936895370483398,-0.9998388886451721,1
-0.9941819906234741,-0.9998579621315002,1
-0.9918496608734131,-0.9997044205665588,1
-0.9933082461357117,-0.9997103214263916,1
-0.9941748380661011,-0.9998522400856018,1
-0.9913411140441895,-0.9996650218963623,1
-0.9941391348838806,-0.999768853187561,1
-0.99544757604599,-0.9998309016227722,1
-0.9941446185112,-0.9998366832733154,1
-0.9950322508811951,-0.9998711943626404,1
-0.9941052794456482,-0.9997650980949402,1
-0.9945007562637329,-0.9997217059135437,1
-0.9936421513557434,-0.9997915625572205,1
-0.9941754341125488,-0.9998598694801331,1
-0.9947306513786316,-0.9998264908790588,1
-0.9938421249389648,-0.9998493790626526,1
-0.9953698515892029,-0.9998548030853271,1
-0.9928474426269531,-0.9997854232788086,1
-0.9852752685546875,-0.99925297498703,1
-0.9954659342765808,-0.9998441338539124,1
-0.9933940768241882,-0.999822735786438,1
-0.9946045875549316,-0.999822735786438,1
-0.9951849579811096,-0.999815821647644,1
-0.9949313998222351,-0.9997067451477051,1
-0.9926760196685791,-0.9998178482055664,1
-0.9953753352165222,-0.999869167804718,1
-0.9943681359291077,-0.9997632503509521,1
-0.9954959154129028,-0.9998399615287781,1
-0.9926245212554932,-0.9998070001602173,1
-0.9954695701599121,-0.9998703598976135,1
-0.9925910234451294,-0.9997430443763733,1
-0.9890030026435852,-0.9994467496871948,1
-0.9945987462997437,-0.9997771978378296,1
-0.9945538640022278,-0.999648928642273,1
-0.9936320185661316,-0.9996572732925415,1
-0.9939367771148682,-0.9998492002487183,1
-0.9944605231285095,-0.9997698664665222,1
-0.9942084550857544,-0.9998157620429993,1
-0.9952503442764282,-0.9998013377189636,1
-0.9935118556022644,-0.9998080134391785,1
-0.9895994663238525,-0.9995193481445312,1
-0.9950338006019592,-0.9998263716697693,1
-0.9952917695045471,-0.9998688697814941,1
-0.995166003704071,-0.999867856502533,1
-0.9944309592247009,-0.9997870922088623,1
-0.9948197603225708,-0.9998562932014465,1
-0.9936695694923401,-0.9997343420982361,1
-0.9920440912246704,-0.999800980091095,1
-0.9937183856964111,-0.9998070597648621,1
-0.992519736289978,-0.9997259378433228,1
-0.9949290156364441,-0.9998569488525391,1
-0.9931170344352722,-0.9998215436935425,1
-0.9904136657714844,-0.9996505379676819,1
-0.9941626787185669,-0.999853789806366,1
-0.9950737953186035,-0.9998491406440735,1
-0.9951063990592957,-0.9998630285263062,1
-0.990793764591217,-0.9997220635414124,1
-0.9942358732223511,-0.9997087717056274,1
-0.9956600069999695,-0.9998357892036438,1
-0.9863459467887878,-0.9991400241851807,1
-0.991465151309967,-0.9997283816337585,1
-0.995310366153717,-0.9998450875282288,1
-0.9932965636253357,-0.9995718002319336,1
-0.9926019310951233,-0.9997962117195129,1
-0.9940786957740784,-0.9998558759689331,1
-0.9952549934387207,-0.9998779296875,1
-0.9915701150894165,-0.9996328353881836,1
-0.9946993589401245,-0.9997948408126831,1
-0.9945065379142761,-0.9998615384101868,1
-0.9922440052032471,-0.9997771382331848,1
-0.9956396818161011,-0.9998695254325867,1
-0.994847297668457,-0.9998428821563721,1
-0.9943155646324158,-0.9998226761817932,1
-0.9939582943916321,-0.9997217059135437,1
-0.9951835870742798,-0.9998510479927063,1
-0.9873160719871521,-0.9990798830986023,1
-0.9936568140983582,-0.9998417496681213,1
-0.990848958492279,-0.9995533227920532,1
-0.993916928768158,-0.9997247457504272,1
-0.9953488111495972,-0.9998689293861389,1
-0.9915242791175842,-0.9997568726539612,1
-0.994640588760376,-0.9997163414955139,1
-0.9949310421943665,-0.9997720122337341,1
-0.9934841990470886,-0.9997665286064148,1
-0.9927480816841125,-0.9997811913490295,1
-0.9906103014945984,-0.9994534254074097,1
-0.9939459562301636,-0.9997286200523376,1
-0.9933245182037354,-0.9998396635055542,1
-0.9926314949989319,-0.9998041987419128,1
-0.9939447045326233,-0.9997435212135315,1
-0.9926050901412964,-0.9997830390930176,1
-0.9927953481674194,-0.9997907280921936,1
-0.9927425980567932,-0.9996400475502014,1
-0.9940292835235596,-0.9998175501823425,1
-0.994900107383728,-0.9998120069503784,1
-0.9906442165374756,-0.9995073080062866,1
-0.9903038144111633,-0.999596357345581,1
-0.9952374696731567,-0.9998536109924316,1
-0.9945315718650818,-0.9997765421867371,1
-0.994644045829773,-0.9997722506523132,1
-0.9941244125366211,-0.999786376953125,1
-0.9941691160202026,-0.9998195767402649,1
-0.9951814413070679,-0.9998704791069031,1
-0.9929535388946533,-0.9997343420982361,1
-0.9885698556900024,-0.9995513558387756,1
-0.9936649203300476,-0.9997237920761108,1
-0.9940105676651001,-0.9998543858528137,1
-0.993851363658905,-0.9998505711555481,1
-0.992333173751831,-0.9995949268341064,1
-0.9948381185531616,-0.9997631907463074,1
-0.9951507449150085,-0.9998743534088135,1
-0.9901252388954163,-0.99961918592453,1
-0.9945025444030762,-0.9998313188552856,1
-0.9938780665397644,-0.9998449087142944,1
-0.9947099089622498,-0.9997555613517761,1
-0.993181586265564,-0.999686598777771,1
-0.990269124507904,-0.9996554255485535,1
-0.9835216999053955,-0.9989146590232849,1
-0.9948804378509521,-0.9998480677604675,1
-0.9942274689674377,-0.9997727274894714,1
-0.9948599934577942,-0.9998056888580322,1
-0.9932163953781128,-0.9998257160186768,1
-0.9913460612297058,-0.9996841549873352,1
-0.9915781021118164,-0.9997076988220215,1
-0.9956673383712769,-0.9998580813407898,1
-0.9940795302391052,-0.9997600317001343,1
-0.9914950728416443,-0.9997232556343079,1
-0.9920626282691956,-0.9997530579566956,1
-0.9915488958358765,-0.9997710585594177,1
-0.9957051873207092,-0.9998406171798706,1
-0.9941052198410034,-0.9998048543930054,1
-0.9954236149787903,-0.9997978806495667,1
-0.9947929382324219,-0.9998518824577332,1
-0.9925583004951477,-0.9998007416725159,1
-0.9921555519104004,-0.9990472793579102,1
-0.9921731948852539,-0.9997723698616028,1
-0.9951409101486206,-0.9997478723526001,1
-0.99045330286026,-0.9994327425956726,1
-0.9937958717346191,-0.9998301863670349,1
-0.9926769137382507,-0.9998037219047546,1
-0.9950798153877258,-0.9997299313545227,1
-0.9931580424308777,-0.9997144937515259,1
-0.9931709170341492,-0.9998005032539368,1
-0.9877901673316956,-0.9994885325431824,1
-0.9948753118515015,-0.9997382164001465,1
-0.9948850870132446,-0.9997990727424622,1
-0.9950622320175171,-0.999849259853363,1
-0.9940722584724426,-0.999823272228241,1
-0.993040919303894,-0.9995726346969604,1
-0.9929124116897583,-0.999568521976471,1
-0.9918264746665955,-0.9997814893722534,1
-0.9934481978416443,-0.9998250007629395,1
-0.9956626296043396,-0.999862790107727,1
-0.9943578839302063,-0.9998629093170166,1
-0.9873628616333008,-0.9991592764854431,1
-0.9942254424095154,-0.9997789859771729,1
-0.995254397392273,-0.999850332736969,1
-0.9951131343841553,-0.9998050332069397,1
-0.9938758611679077,-0.999782145023346,1
-0.9947139620780945,-0.9998601675033569,1
-0.9933518171310425,-0.9997621178627014,1
-0.9936983585357666,-0.9998251795768738,1
-0.9941060543060303,-0.9998020529747009,1
-0.9935621619224548,-0.9997026324272156,1
-0.9952428340911865,-0.9997742772102356,1
-0.9902178645133972,-0.9995395541191101,1
-0.9899904131889343,-0.9996859431266785,1
-0.988466203212738,-0.9991630911827087,1
-0.9947245121002197,-0.9997561573982239,1
-0.9931746125221252,-0.9997390508651733,1
-0.9904489517211914,-0.9995815753936768,1
-0.9946107864379883,-0.9998684525489807,1
-0.9941041469573975,-0.9998536109924316,1
-0.993285059928894,-0.9997889995574951,1
-0.9940665364265442,-0.9996947646141052,1
-0.9939885139465332,-0.9998415112495422,1
-0.9940276741981506,-0.9997783899307251,1
-0.9940736293792725,-0.9996535181999207,1
-0.9945119023323059,-0.9996670484542847,1
-0.9919492602348328,-0.999751627445221,1
-0.988334596157074,-0.9995918869972229,1
-0.9945752024650574,-0.9998432993888855,1
-0.9941494464874268,-0.9998388886451721,1
-0.9956327676773071,-0.9998272657394409,1
-0.9916029572486877,-0.9995461106300354,1
-0.9947312474250793,-0.9998081922531128,1
-0.9939276576042175,-0.9997888207435608,1
-0.9913352131843567,-0.9997279644012451,1
-0.9950762391090393,-0.9997525811195374,1
-0.994076669216156,-0.9998285174369812,1
-0.9929468631744385,-0.9997751712799072,1
-0.9930269718170166,-0.9998120665550232,1
-0.995256245136261,-0.9998698830604553,1
-0.9945109486579895,-0.9998635649681091,1
-0.9955251812934875,-0.9998436570167542,1
-0.9924303889274597,-0.9998084306716919,1
-0.9946230053901672,-0.9998507499694824,1
-0.991913378238678,-0.9997321963310242,1
-0.9912168979644775,-0.9996916055679321,1
-0.9947593808174133,-0.9998518824577332,1
-0.9933313727378845,-0.9998248815536499,1
-0.9932823181152344,-0.9998154640197754,1
-0.9929702281951904,-0.9998091459274292,1
-0.995087742805481,-0.9998152852058411,1
-0.9952989220619202,-0.999842643737793,1
-0.9901860356330872,-0.9996213316917419,1
-0.9954457879066467,-0.9998698234558105,1
-0.9935493469238281,-0.999806821346283,1
-0.9945536851882935,-0.9998641014099121,1
-0.9929255843162537,-0.9997934699058533,1
-0.9933080673217773,-0.9998207092285156,1
-0.9942218661308289,-0.9998592734336853,1
-0.9902070164680481,-0.9995992183685303,1
-0.9929876327514648,-0.9998007416725159,1
-0.9951836466789246,-0.9998667240142822,1
-0.9944270849227905,-0.9996915459632874,1
-0.9947966933250427,-0.9998667240142822,1
-0.9951112270355225,-0.9998744130134583,1
-0.9941238760948181,-0.9998474717140198,1
-0.9942378997802734,-0.9998446106910706,1
-0.9890539050102234,-0.9996196627616882,1
-0.9942641854286194,-0.9998599886894226,1
-0.9906935691833496,-0.9996885657310486,1
-0.9921990633010864,-0.999784529209137,1
-0.992171585559845,-0.9997208118438721,1
-0.9947162866592407,-0.9997884631156921,1
-0.9935478568077087,-0.9996811747550964,1
-0.9950916767120361,-0.99983149766922,1
-0.9902119636535645,-0.9996379613876343,1
-0.9951645135879517,-0.9998767375946045,1
-0.9946316480636597,-0.9998593330383301,1
-0.9947148561477661,-0.9998529553413391,1
-0.9932391047477722,-0.9996953010559082,1
-0.9952618479728699,-0.9998262524604797,1
-0.9952093958854675,-0.9998192191123962,1
-0.9937466382980347,-0.9998449087142944,1
-0.992295503616333,-0.9996867775917053,1
-0.9935817718505859,-0.9998306035995483,1
-0.992562472820282,-0.9996616244316101,1
-0.9955160617828369,-0.9998769760131836,1
-0.9930980205535889,-0.9997979402542114,1
-0.9933468699455261,-0.9996732473373413,1
-0.994694173336029,-0.9998230934143066,1
-0.9944639801979065,-0.9998576045036316,1
-0.9941084384918213,-0.999824583530426,1
-0.9948409199714661,-0.9998613595962524,1
-0.9954788088798523,-0.9998388886451721,1
-0.9916791319847107,-0.9996454119682312,1
-0.994921863079071,-0.9997936487197876,1
-0.9947970509529114,-0.999796986579895,1
-0.9954046607017517,-0.999871015548706,1
-0.9936253428459167,-0.9997285604476929,1
-0.9947444200515747,-0.9998700022697449,1
-0.9937543869018555,-0.9998501539230347,1
-0.9943280816078186,-0.9996294975280762,1
-0.9950321316719055,-0.9998493790626526,1
-0.9920417070388794,-0.99979168176651,1
-0.993595540523529,-0.9996889233589172,1
-0.9946163296699524,-0.9997620582580566,1
-0.9954452514648438,-0.9998379349708557,1
-0.9951276183128357,-0.9997916221618652,1
-0.9937928915023804,-0.9998420476913452,1
-0.9933041930198669,-0.9997584223747253,1
-0.9949951171875,-0.9998639822006226,1
-0.9946684241294861,-0.9997726678848267,1
-0.9928526282310486,-0.9997371435165405,1
-0.9885962605476379,-0.9995620846748352,1
-0.9944286346435547,-0.9998012781143188,1
-0.9949001669883728,-0.9998122453689575,1
-0.9882073402404785,-0.9994449615478516,1
-0.9951562881469727,-0.999742329120636,1
-0.9945265054702759,-0.999697744846344,1
-0.991155207157135,-0.999740719795227,1
-0.9926482439041138,-0.9998044967651367,1
-0.9914509654045105,-0.9997440576553345,1
-0.9954342842102051,-0.9998477697372437,1
-0.9905222058296204,-0.9996881484985352,1
-0.9917932748794556,-0.9997458457946777,1
-0.9945464730262756,-0.9997882843017578,1
-0.9929828643798828,-0.9996910691261292,1
-0.9950982928276062,-0.9997308254241943,1
-0.9954438805580139,-0.9997988939285278,1
-0.9933657050132751,-0.9997662901878357,1
-0.9930130839347839,-0.9997897148132324,1
-0.9949681758880615,-0.9997966289520264,1
-0.9951378107070923,-0.9998680949211121,1
-0.9939509630203247,-0.9998002648353577,1
-0.9942441582679749,-0.9997660517692566,1
-0.9932317733764648,-0.9997785687446594,1
-0.9903795123100281,-0.9994975924491882,1
-0.9939912557601929,-0.9998507499694824,1
-0.9928251504898071,-0.9994422793388367,1
-0.9936115145683289,-0.9997638463973999,1
-0.9944722652435303,-0.9998394250869751,1
-0.9927811026573181,-0.9997931122779846,1
-0.9956137537956238,-0.9998659491539001,1
-0.9950172305107117,-0.9998255372047424,1
-0.9952685832977295,-0.9998444318771362,1
-0.9915602803230286,-0.999675452709198,1
-0.9948944449424744,-0.9997513890266418,1
-0.99551922082901,-0.9998739957809448,1
-0.9952353239059448,-0.9998108744621277,1
-0.9934037923812866,-0.9995736479759216,1
-0.9928874373435974,-0.9997169971466064,1
-0.9952349066734314,-0.9998711347579956,1
-0.9941757321357727,-0.9998560547828674,1
-0.9956174492835999,-0.9998258352279663,1
-0.9950828552246094,-0.9998654723167419,1
-0.9901118278503418,-0.9995685815811157,1
-0.9953283667564392,-0.9998448491096497,1
-0.9930309057235718,-0.9997997879981995,1
-0.9930191040039062,-0.999655544757843,1
-0.9947748184204102,-0.9998305439949036,1
-0.9950423836708069,-0.9998501539230347,1
-0.9945809245109558,-0.9997100234031677,1
-0.9947349429130554,-0.9998226761817932,1
-0.9930919408798218,-0.9996045231819153,1
-0.9938536286354065,-0.9997076988220215,1
-0.9918890595436096,-0.9997430443763733,1
-0.9931840300559998,-0.9997644424438477,1
-0.9877585172653198,-0.9995243549346924,1
-0.9940268993377686,-0.9998288750648499,1
-0.9953049421310425,-0.9998718500137329,1
-0.9912585616111755,-0.9996302127838135,1
-0.9946640729904175,-0.9998499155044556,1
-0.9950657486915588,-0.9998493194580078,1
-0.9861789345741272,-0.9993860721588135,1
-0.9937286376953125,-0.999571681022644,1
-0.994511604309082,-0.9997487664222717,1
-0.9941091537475586,-0.9998029470443726,1
-0.993014931678772,-0.9997782707214355,1
-0.9904009103775024,-0.9995958209037781,1
-0.9953668117523193,-0.999789834022522,1
-0.992470920085907,-0.9996346235275269,1
-0.9937286972999573,-0.9997329711914062,1
-0.990959107875824,-0.9993122220039368,1
-0.9954074621200562,-0.9998480677604675,1
-0.9950301051139832,-0.9998673796653748,1
-0.9916498064994812,-0.9996739029884338,1
-0.9956762790679932,-0.9998430013656616,1
-0.9952812790870667,-0.9998509883880615,1
-0.9943116903305054,-0.9997633695602417,1
-0.9935867190361023,-0.9996864199638367,1
-0.9902439117431641,-0.9993985295295715,1
-0.9943099617958069,-0.999707818031311,1
-0.9939945340156555,-0.9997727274894714,1
-0.9927616715431213,-0.9997782111167908,1
-0.9945278763771057,-0.9998487830162048,1
-0.9945567846298218,-0.9997512102127075,1
-0.994320273399353,-0.9998457431793213,1
-0.9893406629562378,-0.9996416568756104,1
-0.9955010414123535,-0.9998111128807068,1
-0.9934157133102417,-0.9998047351837158,1
-0.9952170252799988,-0.9998149275779724,1
-0.9957073330879211,-0.9998626112937927,1
-0.9947337508201599,-0.9998368620872498,1
-0.9919883012771606,-0.9997885823249817,1
-0.9946675300598145,-0.9997925758361816,1
-0.9922590851783752,-0.9997528791427612,1
-0.9945737719535828,-0.9998116493225098,1
-0.9954889416694641,-0.9998714327812195,1
-0.9928414225578308,-0.9997456073760986,1
-0.9941385984420776,-0.9998571276664734,1
-0.9955768585205078,-0.999875545501709,1
-0.9955093264579773,-0.9998741745948792,1
-0.9926673769950867,-0.9997482299804688,1
-0.9924293756484985,-0.9997732639312744,1
-0.9929451942443848,-0.9997185468673706,1
-0.9883999228477478,-0.9994933605194092,1
-0.994547426700592,-0.999862790107727,1
-0.9914356470108032,-0.9996924996376038,1
-0.9921442270278931,-0.9997541904449463,1
-0.9926490783691406,-0.9996548891067505,1
-0.9939127564430237,-0.9997845888137817,1
-0.9914332032203674,-0.9997547268867493,1
-0.9942544102668762,-0.9998237490653992,1
-0.9936415553092957,-0.9998161196708679,1
-0.9945892691612244,-0.9998517036437988,1
-0.995641827583313,-0.9998626112937927,1
-0.9957066178321838,-0.9998524188995361,1
-0.992256224155426,-0.9993464350700378,1
-0.9925894737243652,-0.9995003342628479,1
-0.9929900169372559,-0.9994639754295349,1
-0.99372798204422,-0.9998403191566467,1
-0.9953341484069824,-0.9998385310173035,1
-0.9923612475395203,-0.9996811151504517,1
-0.9899877905845642,-0.9993105530738831,1
-0.9925400018692017,-0.9997318387031555,1
-0.9918420314788818,-0.9997783899307251,1
-0.9945788979530334,-0.9998102784156799,1
-0.9918321371078491,-0.9996816515922546,1
-0.9920066595077515,-0.9997698664665222,1
-0.9956063628196716,-0.9998727440834045,1
-0.9945452213287354,-0.9998464584350586,1
-0.9949774742126465,-0.9998072981834412,1
-0.9936314225196838,-0.9997915029525757,1
-0.9934214949607849,-0.9996253848075867,1
-0.9933933615684509,-0.9998138546943665,1
-0.9926462173461914,-0.9997411966323853,1
-0.9930204749107361,-0.9995597004890442,1
-0.9925541877746582,-0.9997584819793701,1
-0.9934313297271729,-0.9997762441635132,1
-0.9928101301193237,-0.9997797608375549,1
-0.994400143623352,-0.9998319149017334,1
-0.9945305585861206,-0.9998660087585449,1
-0.9922325611114502,-0.9997108578681946,1
-0.9913360476493835,-0.9997097253799438,1
-0.9912863969802856,-0.9997622966766357,1
-0.9949329495429993,-0.999867856502533,1
-0.9947172999382019,-0.9998525977134705,1
-0.9940266013145447,-0.9998353719711304,1
-0.9951467514038086,-0.9997754693031311,1
-0.9946830868721008,-0.999866783618927,1
-0.9953050017356873,-0.9998745322227478,1
-0.99434494972229,-0.9997527599334717,1
-0.9939174652099609,-0.9998488426208496,1
-0.9940769672393799,-0.999798059463501,1
-0.9923580288887024,-0.9997463822364807,1
-0.9939374327659607,-0.9998452067375183,1
-0.993732750415802,-0.9998301863670349,1
-0.9901952743530273,-0.99969482421875,1
-0.9954264163970947,-0.9998595714569092,1
-0.9923461079597473,-0.9997756481170654,1
-0.9936310648918152,-0.9996662735939026,1
-0.9935836791992188,-0.9996950626373291,1
-0.9950913190841675,-0.9998733997344971,1
-0.9934033155441284,-0.9996692538261414,1
-0.9921154379844666,-0.9997515082359314,1
-0.992118239402771,-0.9997477531433105,1
-0.990517258644104,-0.9995246529579163,1
-0.9952796697616577,-0.9998230338096619,1
-0.9939342141151428,-0.9998249411582947,1
-0.9932134747505188,-0.9998327493667603,1
-0.9930703639984131,-0.9997963309288025,1
-0.9908818602561951,-0.9997016787528992,1
-0.994527280330658,-0.999866247177124,1
-0.9930613040924072,-0.9997634291648865,1
-0.9940919876098633,-0.9997679591178894,1
-0.9946728348731995,-0.9997832775115967,1
-0.9936640858650208,-0.9998378157615662,1
-0.9952017068862915,-0.9997948408126831,1
-0.9931626319885254,-0.9996470808982849,1
-0.9947056770324707,-0.9998162388801575,1
-0.9949713349342346,-0.9998433589935303,1
-0.9923874139785767,-0.9998035430908203,1
-0.9925450086593628,-0.9998142123222351,1
-0.9867303371429443,-0.999542772769928,1
-0.9932557940483093,-0.9997034668922424,1
-0.9951767325401306,-0.9998576045036316,1
-0.9955159425735474,-0.999864935874939,1
-0.9948800802230835,-0.9998735785484314,1
-0.9952148795127869,-0.999875545501709,1
-0.9951152205467224,-0.9998680353164673,1
-0.9918609261512756,-0.9997548460960388,1
-0.9901537299156189,-0.9994922876358032,1
-0.9945787191390991,-0.9998670220375061,1
-0.9942882061004639,-0.9997862577438354,1
-0.9944754242897034,-0.9997518658638,1
-0.993414044380188,-0.9998140931129456,1
-0.9951810240745544,-0.9998679757118225,1
-0.9913700222969055,-0.9996989965438843,1
-0.9949131011962891,-0.9998735785484314,1
-0.993670642375946,-0.9995028972625732,1
-0.9927775859832764,-0.9997084736824036,1
-0.9897457957267761,-0.9996246695518494,1
-0.995141863822937,-0.9998595714569092,1
-0.9914772510528564,-0.999619722366333,1
-0.9921651482582092,-0.9997525811195374,1
-0.9945041537284851,-0.9998613595962524,1
-0.9956190586090088,-0.9998463988304138,1
-0.9932641983032227,-0.9998242259025574,1
-0.9951794743537903,-0.9997809529304504,1
-0.9956843256950378,-0.9998490214347839,1
-0.9947924017906189,-0.9998204112052917,1
-0.9810020327568054,-0.9989703893661499,1
-0.9950330853462219,-0.9997758865356445,1
-0.9920508861541748,-0.9997109770774841,1
-0.9937039017677307,-0.9998366832733154,1
-0.990948498249054,-0.9996377825737,1
-0.9924212694168091,-0.9996971487998962,1
-0.9938569068908691,-0.9997212290763855,1
-0.9940311908721924,-0.9998568296432495,1
-0.9882808923721313,-0.9992247223854065,1
-0.9903838634490967,-0.999667227268219,1
-0.9946364164352417,-0.9997930526733398,1
-0.9941480159759521,-0.9998320937156677,1
-0.9939820170402527,-0.9998403191566467,1
-0.9945420026779175,-0.9998273849487305,1
-0.9932287931442261,-0.9998315572738647,1
-0.9911174178123474,-0.9996644258499146,1
-0.9939258694648743,-0.9997526407241821,1
-0.9953517913818359,-0.9998636245727539,1
-0.9953504800796509,-0.9998580813407898,1
-0.9945551753044128,-0.9998500347137451,1
-0.9942906498908997,-0.9998452663421631,1
-0.9941765666007996,-0.999781608581543,1
-0.9954259395599365,-0.9998291730880737,1
-0.9904575347900391,-0.9995310306549072,1
-0.9934581518173218,-0.9997682571411133,1
-0.9915139079093933,-0.9997348189353943,1
-0.9948961138725281,-0.9998655319213867,1
-0.9946466088294983,-0.9998679161071777,1
-0.9892721176147461,-0.9994914531707764,1
-0.992609441280365,-0.9997389912605286,1
-0.992961585521698,-0.999807596206665,1
-0.9932495355606079,-0.999745786190033,1
-0.9941268563270569,-0.9997463822364807,1
-0.9949660897254944,-0.9997265338897705,1
-0.9940893054008484,-0.999785304069519,1
-0.9948989152908325,-0.9997655153274536,1
-0.992835521697998,-0.9997885823249817,1
-0.991520345211029,-0.9997300505638123,1
-0.9944123029708862,-0.9997113347053528,1
-0.9934201836585999,-0.9998341202735901,1
-0.9949846863746643,-0.9997274875640869,1
-0.9945845007896423,-0.9997074007987976,1
-0.9928864240646362,-0.9997870326042175,1
-0.9919139742851257,-0.999796450138092,1
-0.9943566918373108,-0.9997912049293518,1
-0.992733895778656,-0.999805212020874,1
-0.9931756258010864,-0.9997926950454712,1
-0.9940333366394043,-0.9997645020484924,1
-0.9916883707046509,-0.9997184872627258,1
-0.9910416603088379,-0.9997250437736511,1
-0.9955019950866699,-0.9998689293861389,1
-0.9923840761184692,-0.9998119473457336,1
-0.9932063817977905,-0.9998237490653992,1
-0.9928150773048401,-0.9997791647911072,1
-0.9915766716003418,-0.9997086524963379,1
-0.9956228137016296,-0.9998623728752136,1
-0.9945283532142639,-0.9998612999916077,1
-0.994931161403656,-0.999805212020874,1
-0.9935632944107056,-0.999725341796875,1
-0.9948834776878357,-0.9998578429222107,1
-0.994985044002533,-0.9998216032981873,1
-0.9955359101295471,-0.9998465180397034,1
-0.9930013418197632,-0.9997721910476685,1
-0.9947071075439453,-0.9998663663864136,1
-0.9924217462539673,-0.9996232390403748,1
-0.9892759919166565,-0.9996107220649719,1
-0.9908720850944519,-0.999696671962738,1
-0.9944800138473511,-0.9998656511306763,1
-0.992684543132782,-0.9997127652168274,1
-0.9952352643013,-0.9998241662979126,1
-0.9923816323280334,-0.9997989535331726,1
-0.9949561953544617,-0.9998209476470947,1
-0.9875365495681763,-0.9994211792945862,1
-0.9924837350845337,-0.99953693151474,1
-0.9945663213729858,-0.9998500943183899,1
-0.9929917454719543,-0.9997375011444092,1
-0.9954239130020142,-0.9998736381530762,1
-0.9946879148483276,-0.9998512268066406,1
-0.9950236082077026,-0.9998498558998108,1
-0.9949172139167786,-0.9998072981834412,1
-0.9956904053688049,-0.9998440146446228,1
-0.9910783171653748,-0.9995618462562561,1
-0.9918407797813416,-0.9997771382331848,1
-0.9947115182876587,-0.9998539686203003,1
-0.9923053979873657,-0.9997507929801941,1
-0.9926091432571411,-0.9997990131378174,1
-0.9929094314575195,-0.9997833371162415,1
-0.9898541569709778,-0.9996122121810913,1
-0.9948128461837769,-0.9998558759689331,1
-0.9942268133163452,-0.9997877478599548,1
-0.9949439167976379,-0.9998633861541748,1
-0.9935961365699768,-0.999823272228241,1
-0.9942747950553894,-0.9998043179512024,1
-0.9932553768157959,-0.9998363852500916,1
-0.9923920631408691,-0.9997844099998474,1
-0.9951465725898743,-0.999862015247345,1
-0.994871199131012,-0.9998679757118225,1
-0.9941554665565491,-0.9997804164886475,1
-0.9935868382453918,-0.9997562170028687,1
-0.9928209781646729,-0.999622106552124,1
-0.9934931993484497,-0.9998252987861633,1
-0.994949460029602,-0.9998527765274048,1
-0.9942231178283691,-0.9997250437736511,1
-0.9891638159751892,-0.999492347240448,1
-0.9923862814903259,-0.9997761845588684,1
-0.9948291778564453,-0.9998305439949036,1
-0.9954164624214172,-0.9998472929000854,1
-0.9948325157165527,-0.9997893571853638,1
-0.9955593943595886,-0.999811589717865,1
-0.9953151941299438,-0.9998602271080017,1
-0.9953755736351013,-0.9998692274093628,1
-0.994964599609375,-0.9997999668121338,1
-0.9939005374908447,-0.999852180480957,1
-0.9903115630149841,-0.9996480941772461,1
-0.9953643679618835,-0.9998478293418884,1
-0.9949134588241577,-0.9997938871383667,1
-0.9950518608093262,-0.9998222589492798,1
-0.9948359727859497,-0.9998480677604675,1
-0.9953388571739197,-0.9998746514320374,1
-0.9923729300498962,-0.9997888803482056,1
-0.9940457940101624,-0.9998297095298767,1
-0.9929803013801575,-0.9997796416282654,1
-0.9944761991500854,-0.9997788071632385,1
-0.9946343302726746,-0.9998689293861389,1
-0.9938827157020569,-0.9998316764831543,1
-0.9953106641769409,-0.999836266040802,1
-0.9925888180732727,-0.9995852112770081,1
-0.9937070608139038,-0.999808669090271,1
-0.9939458966255188,-0.9998186230659485,1
-0.9950432777404785,-0.9998027682304382,1
-0.9940012693405151,-0.9998575448989868,1
-0.9916932582855225,-0.9996671080589294,1
-0.9934872984886169,-0.9998372793197632,1
-0.9951915144920349,-0.9998025298118591,1
-0.993114173412323,-0.9997477531433105,1
-0.9894720315933228,-0.9996711015701294,1
-0.9950608015060425,-0.9998255372047424,1
-0.9936624765396118,-0.9998460412025452,1
-0.992601752281189,-0.999805748462677,1
-0.9955175518989563,-0.9998083710670471,1
-0.9954483509063721,-0.9998313188552856,1
-0.9947993159294128,-0.99983811378479,1
-0.99500572681427,-0.9997819066047668,1
-0.9940156936645508,-0.9998571872711182,1
-0.9947389364242554,-0.9997931718826294,1
-0.9948604702949524,-0.9997723698616028,1
-0.9919118285179138,-0.9997081160545349,1
-0.9956782460212708,-0.9998718500137329,1
-0.994340717792511,-0.9996882677078247,1
-0.9900302290916443,-0.9983417391777039,1
-0.9950330257415771,-0.9998226165771484,1
-0.9952651858329773,-0.9998206496238708,1
-0.9937043190002441,-0.9997588396072388,1
-0.9946568012237549,-0.9998447299003601,1
-0.994520902633667,-0.999701738357544,1
-0.993083119392395,-0.9997421503067017,1
-0.9942156076431274,-0.9998147487640381,1
-0.9950283765792847,-0.999816358089447,1
-0.9928884506225586,-0.9997295141220093,1
-0.9955870509147644,-0.9998639225959778,1
-0.995546281337738,-0.9998624324798584,1
